﻿Segment Info
Segment Name,186
Recording Name,记录001
Subject Name,被试002
Start Time(s),464.2436267
End Time(s),466.7449235

Eye State Statistic
Id,Eye State Type,Count(N),Total duration(s),Min duration(s),Max duration(s),Mean duration(s)
1,Null,1,0.007,0.007,0.007,0.007
2,Fixation,4,2.269,0.095,1.473,0.56725
3,Saccades,4,0.225,0.013,0.099,0.05625

Eye State Data
Id,Eye State Type,Start Time(s),End Time(s),Duration(s)
1,Fixation,464.243,464.527,0.284
2,Saccades,464.527,464.595,0.068
3,Null,464.595,464.602,0.007
4,Saccades,464.602,464.615,0.013
5,Fixation,464.615,464.71,0.095
6,Saccades,464.71,464.755,0.045
7,Fixation,464.755,466.228,1.473
8,Saccades,466.228,466.327,0.099
9,Fixation,466.327,466.744,0.417
