﻿Segment Info
Segment Name,162
Recording Name,记录002
Subject Name,被试002
Start Time(s),407.2893988
End Time(s),409.8010275

Eye State Statistic
Id,Eye State Type,Count(N),Total duration(s),Min duration(s),Max duration(s),Mean duration(s)
1,Fixation,5,2.344,0.217,1.051,0.4688
2,Saccades,4,0.168,0.03,0.048,0.042

Eye State Data
Id,Eye State Type,Start Time(s),End Time(s),Duration(s)
1,Fixation,407.289,407.564,0.275
2,Saccades,407.564,407.607,0.043
3,Fixation,407.607,407.824,0.217
4,Saccades,407.824,407.854,0.03
5,Fixation,407.854,408.352,0.498
6,Saccades,408.352,408.399,0.047
7,Fixation,408.399,408.702,0.303
8,Saccades,408.702,408.75,0.048
9,Fixation,408.75,409.801,1.051
