Data Info
Recording,记录002
Subject,被试002
Frequency(Hz),600
Duration(s),2.5000698
Resolution(px),1920,1080
Create Date,2025-01-03 13:01:35.515

Pupils Process Parameters
Interpolation
Method,Linear
Min pupil diameter (mm),2
Noise Reduction
Method,Enabled,滑动中值滤波
Window size (samples),Enabled,3

Pupil Data
Id,Time(s),LeftPupilDiameter(mm),RightPupilDiameter(mm),AveragePupilDiameter(mm),LeftPupilRadius(mm),RightPupilRadius(mm),AveragePupilRadius(mm),LeftPupilArea(mm²),RightPupilArea(mm²),AveragePupilArea(mm²)
1,351.933500033333,3.38345336914063,3.40896606445313,3.39620971679688,1.69172668457031,1.70448303222656,1.69810485839844,8.99104708810329,9.12715103504756,9.05897125812619
2,351.9351667,3.39208984375,3.50849914550781,3.45029449462891,1.696044921875,1.75424957275391,1.72514724731445,9.03700608078838,9.66791072813362,9.34979764718407
3,351.936833366667,3.39208984375,3.49612426757813,3.44410705566406,1.696044921875,1.74806213378906,1.72205352783203,9.03700608078838,9.59983134743987,9.31629359135423
4,351.938500033333,3.39956665039063,3.49612426757813,3.44784545898438,1.69978332519531,1.74806213378906,1.72392272949219,9.07688852285218,9.59983134743987,9.33652929505252
5,351.9401667,3.3900146484375,3.49238586425781,3.44120025634766,1.69500732421875,1.74619293212891,1.72060012817383,9.02595223667141,9.57931213753241,9.30057447025832
6,351.941833366667,3.39164733886719,3.49238586425781,3.4420166015625,1.69582366943359,1.74619293212891,1.72100830078125,9.03464844365762,9.57931213753241,9.30498768626933
7,351.943500033333,3.38081359863281,3.51033020019531,3.44557189941406,1.69040679931641,1.75516510009766,1.72278594970703,8.97702293018082,9.67800455566777,9.32422006771808
8,351.9451667,3.39036560058594,3.51033020019531,3.45034790039063,1.69518280029297,1.75516510009766,1.72517395019531,9.02782116151391,9.67800455566777,9.35008709316066
9,351.946833366667,3.39036560058594,3.43510437011719,3.41273498535156,1.69518280029297,1.71755218505859,1.70636749267578,9.02782116151391,9.26765280138438,9.1473439765532
10,351.948500033333,3.39036560058594,3.43510437011719,3.41273498535156,1.69518280029297,1.71755218505859,1.70636749267578,9.02782116151391,9.26765280138438,9.1473439765532
11,351.9501667,3.38473510742188,3.43803405761719,3.41138458251953,1.69236755371094,1.71901702880859,1.70569229125977,8.99786045350731,9.28346769483531,9.14010628869731
12,351.951833366667,3.3802490234375,3.49017333984375,3.43521118164063,1.69012451171875,1.74508666992188,1.71760559082031,8.97402496466353,9.56717845634446,9.26822914923158
13,351.953500033333,3.37809753417969,3.490234375,3.43416595458984,1.68904876708984,1.7451171875,1.71708297729492,8.96260487479952,9.5675130754484,9.2625899442332
14,351.9551667,3.37350463867188,3.50041198730469,3.43695831298828,1.68675231933594,1.75020599365234,1.71847915649414,8.93825014640732,9.62339265343426,9.27765909727248
15,351.956833366667,3.37350463867188,3.490234375,3.43186950683594,1.68675231933594,1.7451171875,1.71593475341797,8.93825014640732,9.5675130754484,9.25020618519993
16,351.958500033333,3.38052368164063,3.50041198730469,3.44046783447266,1.69026184082031,1.75020599365234,1.72023391723633,8.9754833718349,9.62339265343426,9.29661584026834
17,351.9601667,3.38139343261719,3.4952392578125,3.43831634521484,1.69069671630859,1.74761962890625,1.71915817260742,8.98010244295775,9.59497175521263,9.28499223783579
18,351.961833366667,3.38052368164063,3.50428771972656,3.44240570068359,1.69026184082031,1.75214385986328,1.7212028503418,8.9754833718349,9.64471491119189,9.30709155013228
19,351.963500033333,3.37821960449219,3.50428771972656,3.44125366210938,1.68910980224609,1.75214385986328,1.72062683105469,8.96325262859249,9.64471491119189,9.30086315332312
20,351.9651667,3.37821960449219,3.51139831542969,3.44480895996094,1.68910980224609,1.75569915771484,1.72240447998047,8.96325262859249,9.68389505383066,9.32009127402296
21,351.966833366667,3.37968444824219,3.51261901855469,3.44615173339844,1.68984222412109,1.75630950927734,1.72307586669922,8.97102749982994,9.69062924610823,9.32735856242612
22,351.968500033333,3.38754272460938,3.51261901855469,3.45008087158203,1.69377136230469,1.75630950927734,1.72504043579102,9.01279398562886,9.69062924610823,9.34863990807959
23,351.9701667,3.39506530761719,3.51545715332031,3.45526123046875,1.69753265380859,1.75772857666016,1.72763061523438,9.05286714557968,9.70629529057044,9.37673528924499
24,351.971833366667,3.39585876464844,3.52946472167969,3.46266174316406,1.69792938232422,1.76473236083984,1.73133087158203,9.05709911157234,9.78380012864947,9.41694467247005
25,351.973500033333,3.39506530761719,3.52946472167969,3.46226501464844,1.69753265380859,1.76473236083984,1.73113250732422,9.05286714557968,9.78380012864947,9.41478693559736
26,351.9751667,3.39585876464844,3.44985961914063,3.42285919189453,1.69792938232422,1.72492980957031,1.71142959594727,9.05709911157234,9.34744089671881,9.20169743076417
27,351.976833366667,3.393310546875,3.44985961914063,3.42158508300781,1.6966552734375,1.72492980957031,1.71079254150391,9.04351150193671,9.34744089671881,9.19484831324236
28,351.978500033333,3.39508056640625,3.50428771972656,3.44968414306641,1.69754028320313,1.75214385986328,1.7248420715332,9.05294852021498,9.64471491119189,9.34649001135062
29,351.9801667,3.39508056640625,3.50953674316406,3.45230865478516,1.69754028320313,1.75476837158203,1.72615432739258,9.05294852021498,9.67362991712652,9.36071699719597
30,351.981833366667,3.39508056640625,3.51361083984375,3.454345703125,1.69754028320313,1.75680541992188,1.7271728515625,9.05294852021498,9.69610250083412,9.371766912235
31,351.983500033333,3.39091491699219,3.51361083984375,3.45226287841797,1.69545745849609,1.75680541992188,1.72613143920898,9.0307468235852,9.69610250083412,9.36046875938158
32,351.9851667,3.38815307617188,3.50860595703125,3.44837951660156,1.69407653808594,1.75430297851563,1.72418975830078,9.01604204412354,9.66849939009376,9.3394219019412
33,351.986833366667,3.38717651367188,3.43962097167969,3.41339874267578,1.69358825683594,1.71981048583984,1.70669937133789,9.01084543141233,9.29203972476334,9.15090253415284
34,351.988500033333,3.38717651367188,3.43962097167969,3.41339874267578,1.69358825683594,1.71981048583984,1.70669937133789,9.01084543141233,9.29203972476334,9.15090253415284
35,351.9901667,3.39273071289063,3.49874877929688,3.44573974609375,1.69636535644531,1.74937438964844,1.72286987304688,9.0404211350391,9.61424978610571,9.32512852503326
36,351.991833366667,3.40263366699219,3.50234985351563,3.45249176025391,1.70131683349609,1.75117492675781,1.72624588012695,9.0932738616416,9.63405083288736,9.36170998136917
37,351.993500033333,3.40263366699219,3.50234985351563,3.45249176025391,1.70131683349609,1.75117492675781,1.72624588012695,9.0932738616416,9.63405083288736,9.36170998136917
38,351.9951667,3.39276123046875,3.51118469238281,3.45197296142578,1.69638061523438,1.75559234619141,1.72598648071289,9.04058377276219,9.68271681083211,9.3588966629946
39,351.996833366667,3.38621520996094,3.51118469238281,3.44869995117188,1.69310760498047,1.75559234619141,1.72434997558594,9.00573147887568,9.68271681083211,9.34115768112337
40,351.998500033333,3.38621520996094,3.51132202148438,3.44876861572266,1.69310760498047,1.75566101074219,1.72438430786133,9.00573147887568,9.68347424453084,9.341529654789
41,352.0001667,3.39179992675781,3.50677490234375,3.44928741455078,1.69589996337891,1.75338745117188,1.72464370727539,9.03546138723427,9.6584105218519,9.3443403618548
42,352.001833366667,3.39179992675781,3.51132202148438,3.45156097412109,1.69589996337891,1.75566101074219,1.72578048706055,9.03546138723427,9.68347424453084,9.35666285840482
43,352.003500033333,3.39083862304688,3.52156066894531,3.45619964599609,1.69541931152344,1.76078033447266,1.72809982299805,9.03034045328682,9.74002857226845,9.38182924209143
44,352.0051667,3.39083862304688,3.53364562988281,3.46224212646484,1.69541931152344,1.76682281494141,1.73112106323242,9.03034045328682,9.80699310606721,9.41466245832096
45,352.006833366667,3.39437866210938,3.52536010742188,3.45986938476563,1.69718933105469,1.76268005371094,1.72993469238281,9.04920566552149,9.76105709125353,9.40176277836894
46,352.008500033333,3.39437866210938,3.52536010742188,3.45986938476563,1.69718933105469,1.76268005371094,1.72993469238281,9.04920566552149,9.76105709125353,9.40176277836894
47,352.0101667,3.39437866210938,3.52536010742188,3.45986938476563,1.69718933105469,1.76268005371094,1.72993469238281,9.04920566552149,9.76105709125353,9.40176277836894
48,352.011833366667,3.39852905273438,3.51156616210938,3.45504760742188,1.69926452636719,1.75578308105469,1.72752380371094,9.07134856911944,9.68482086647447,9.37557588351108
49,352.013500033333,3.4052734375,3.5277099609375,3.46649169921875,1.70263671875,1.76385498046875,1.73324584960938,9.10738849738997,9.77407403026129,9.43778784631762
50,352.0151667,3.4052734375,3.51083374023438,3.45805358886719,1.70263671875,1.75541687011719,1.72902679443359,9.10738849738997,9.68078128152383,9.39189697093846
51,352.016833366667,3.40435791015625,3.53115844726563,3.46775817871094,1.70217895507813,1.76557922363281,1.73387908935547,9.1024920081744,9.79319251530864,9.44468527995484
52,352.018500033333,3.39950561523438,3.518310546875,3.45890808105469,1.69975280761719,1.7591552734375,1.72945404052734,9.07656259640746,9.72205831607801,9.39653905870005
53,352.0201667,3.39686584472656,3.54464721679688,3.47075653076172,1.69843292236328,1.77232360839844,1.73537826538086,9.06247187717531,9.86815398838346,9.46102478958958
54,352.021833366667,3.39268493652344,3.53102111816406,3.46185302734375,1.69634246826172,1.76551055908203,1.73092651367188,9.04017718119744,9.79243080257454,9.41254647052443
55,352.023500033333,3.39268493652344,3.53347778320313,3.46308135986328,1.69634246826172,1.76673889160156,1.73154067993164,9.04017718119744,9.80606147210663,9.41922716320209
56,352.0251667,3.40347290039063,3.53102111816406,3.46724700927734,1.70173645019531,1.76551055908203,1.73362350463867,9.09775998679243,9.79243080257454,9.44190107278144
57,352.026833366667,3.40650939941406,3.51705932617188,3.46178436279297,1.70325469970703,1.75852966308594,1.73089218139648,9.11400084632942,9.71514461278023,9.41217308560002
58,352.028500033333,3.41159057617188,3.51585388183594,3.46372222900391,1.70579528808594,1.75792694091797,1.73186111450195,9.14121015762645,9.70848617570388,9.42271368282963
59,352.0301667,3.41159057617188,3.51585388183594,3.46372222900391,1.70579528808594,1.75792694091797,1.73186111450195,9.14121015762645,9.70848617570388,9.42271368282963
60,352.031833366667,3.41159057617188,3.51979064941406,3.46569061279297,1.70579528808594,1.75989532470703,1.73284530639648,9.14121015762645,9.73023989627938,9.43342631264223
61,352.033500033333,3.40861511230469,3.51979064941406,3.46420288085938,1.70430755615234,1.75989532470703,1.73210144042969,9.12527185624651,9.73023989627938,9.42532899592792
62,352.0351667,3.40705871582031,3.51979064941406,3.46342468261719,1.70352935791016,1.75989532470703,1.73171234130859,9.11694043830665,9.73023989627938,9.42109486134208
63,352.036833366667,3.40385437011719,3.53311157226563,3.46848297119141,1.70192718505859,1.76655578613281,1.7342414855957,9.09979950031778,9.80402896979904,9.44863373996691
64,352.038500033333,3.40106201171875,3.53311157226563,3.46708679199219,1.70053100585938,1.76655578613281,1.73354339599609,9.08487554866386,9.80402896979904,9.44102849531509
65,352.0401667,3.40106201171875,3.53311157226563,3.46708679199219,1.70053100585938,1.76655578613281,1.73354339599609,9.08487554866386,9.80402896979904,9.44102849531509
66,352.041833366667,3.40016174316406,3.53663635253906,3.46839904785156,1.70008087158203,1.76831817626953,1.73419952392578,9.08006661235236,9.82360054855385,9.44817650761849
67,352.043500033333,3.40632629394531,3.5421142578125,3.47422027587891,1.70316314697266,1.77105712890625,1.73711013793945,9.11302108766711,9.85405571738531,9.47991803682059
68,352.0451667,3.40632629394531,3.54519653320313,3.47576141357422,1.70316314697266,1.77259826660156,1.73788070678711,9.11302108766711,9.87121277453703,9.48833034132969
69,352.046833366667,3.40632629394531,3.54519653320313,3.47576141357422,1.70316314697266,1.77259826660156,1.73788070678711,9.11302108766711,9.87121277453703,9.48833034132969
70,352.048500033333,3.40669250488281,3.54519653320313,3.47594451904297,1.70334625244141,1.77259826660156,1.73797225952148,9.11498065765678,9.87121277453703,9.48933007101816
71,352.0501667,3.40673828125,3.53459167480469,3.47066497802734,1.703369140625,1.76729583740234,1.73533248901367,9.11522561871753,9.81224496149093,9.46052566425043
72,352.051833366667,3.41259765625,3.53459167480469,3.47359466552734,1.706298828125,1.76729583740234,1.73679733276367,9.14660780966032,9.81224496149093,9.47650420556939
73,352.053500033333,3.41586303710938,3.54573059082031,3.48079681396484,1.70793151855469,1.77286529541016,1.74039840698242,9.16412024472354,9.8741870488275,9.51584209759049
74,352.0551667,3.41259765625,3.5477294921875,3.48016357421875,1.706298828125,1.77386474609375,1.74008178710938,9.14660780966032,9.88532330917744,9.51238009642424
75,352.056833366667,3.40972900390625,3.54573059082031,3.47772979736328,1.70486450195313,1.77286529541016,1.73886489868164,9.13123687381058,9.8741870488275,9.49908019545855
76,352.058500033333,3.40972900390625,3.54161071777344,3.47566986083984,1.70486450195313,1.77080535888672,1.73783493041992,9.13123687381058,9.85125424992723,9.48783049623485
77,352.0601667,3.41072082519531,3.54161071777344,3.47616577148438,1.70536041259766,1.77080535888672,1.73808288574219,9.13654983111657,9.85125424992723,9.49053814799085
78,352.061833366667,3.41633605957031,3.54161071777344,3.47897338867188,1.70816802978516,1.77080535888672,1.73948669433594,9.16665848165129,9.85125424992723,9.50587490714843
79,352.063500033333,3.41633605957031,3.54533386230469,3.4808349609375,1.70816802978516,1.77266693115234,1.74041748046875,9.16665848165129,9.87197754513566,9.51605067199273
80,352.0651667,3.40623474121094,3.53744506835938,3.47183990478516,1.70311737060547,1.76872253417969,1.73591995239258,9.11253122808535,9.82809374983944,9.46693210582444
81,352.066833366667,3.40623474121094,3.54069519042969,3.47346496582031,1.70311737060547,1.77034759521484,1.73673248291016,9.11253122808535,9.84616169311608,9.47579653700643
82,352.068500033333,3.42149353027344,3.54069519042969,3.48109436035156,1.71074676513672,1.77034759521484,1.74054718017578,9.19435625928348,9.84616169311608,9.51746903854768
83,352.0701667,3.42149353027344,3.55537414550781,3.48843383789063,1.71074676513672,1.77768707275391,1.74421691894531,9.19435625928348,9.92797103012906,9.55764427177883
84,352.071833366667,3.42222595214844,3.55537414550781,3.48880004882813,1.71111297607422,1.77768707275391,1.74440002441406,9.19829305960987,9.92797103012906,9.55965107354161
85,352.073500033333,3.42308044433594,3.55511474609375,3.48909759521484,1.71154022216797,1.77755737304688,1.74454879760742,9.20288705832836,9.92652239726197,9.5612817550889
86,352.0751667,3.427490234375,3.55511474609375,3.49130249023438,1.7137451171875,1.77755737304688,1.74565124511719,9.22661360567429,9.92652239726197,9.57336985700686
87,352.076833366667,3.42308044433594,3.55511474609375,3.48909759521484,1.71154022216797,1.77755737304688,1.74454879760742,9.20288705832836,9.92652239726197,9.5612817550889
88,352.078500033333,3.41011047363281,3.55502319335938,3.48256683349609,1.70505523681641,1.77751159667969,1.74128341674805,9.13328013606351,9.92601114030892,9.52552235745217
89,352.0801667,3.41011047363281,3.54814147949219,3.4791259765625,1.70505523681641,1.77407073974609,1.73956298828125,9.13328013606351,9.88761934904529,9.50670878142549
90,352.081833366667,3.41209411621094,3.54878234863281,3.48043823242188,1.70604705810547,1.77439117431641,1.74021911621094,9.14390878450366,9.89119149655957,9.51388160993974
91,352.083500033333,3.4136962890625,3.54878234863281,3.48123931884766,1.70684814453125,1.77439117431641,1.74061965942383,9.15249797427789,9.89119149655957,9.51826170118812
92,352.0851667,3.41598510742188,3.55067443847656,3.48332977294922,1.70799255371094,1.77533721923828,1.74166488647461,9.164775239961,9.90174160092805,9.52969640103212
93,352.086833366667,3.41598510742188,3.55230712890625,3.48414611816406,1.70799255371094,1.77615356445313,1.74207305908203,9.164775239961,9.91084983988848,9.53416364023056
94,352.088500033333,3.43037414550781,3.55230712890625,3.49134063720703,1.71518707275391,1.77615356445313,1.74567031860352,9.24214679541399,9.91084983988848,9.57357906092105
95,352.0901667,3.43037414550781,3.55230712890625,3.49134063720703,1.71518707275391,1.77615356445313,1.74567031860352,9.24214679541399,9.91084983988848,9.57357906092105
96,352.091833366667,3.421875,3.53974914550781,3.48081207275391,1.7109375,1.76987457275391,1.74040603637695,9.1964065709729,9.84090076760028,9.51592552707709
97,352.093500033333,3.421875,3.55567932128906,3.48877716064453,1.7109375,1.77783966064453,1.74438858032227,9.1964065709729,9.92967543941026,9.55952564225975
98,352.0951667,3.421875,3.55567932128906,3.48877716064453,1.7109375,1.77783966064453,1.74438858032227,9.1964065709729,9.92967543941026,9.55952564225975
99,352.096833366667,3.421875,3.55567932128906,3.48877716064453,1.7109375,1.77783966064453,1.74438858032227,9.1964065709729,9.92967543941026,9.55952564225975
100,352.098500033333,3.42845153808594,3.55569458007813,3.49207305908203,1.71422576904297,1.77784729003906,1.74603652954102,9.23178988400706,9.92976066371448,9.57759621933753
101,352.1001667,3.42869567871094,3.5579833984375,3.49333953857422,1.71434783935547,1.77899169921875,1.74666976928711,9.23310472551834,9.9425484512343,9.58454454405457
102,352.101833366667,3.42869567871094,3.56451416015625,3.49660491943359,1.71434783935547,1.78225708007813,1.7483024597168,9.23310472551834,9.97908150943996,9.60247112427717
103,352.103500033333,3.42195129394531,3.56451416015625,3.49323272705078,1.71097564697266,1.78225708007813,1.74661636352539,9.1968166607405,9.97908150943996,9.58395844348113
104,352.1051667,3.42022705078125,3.56269836425781,3.49146270751953,1.71011352539063,1.78134918212891,1.74573135375977,9.18755086367429,9.9689172294169,9.57424852880707
105,352.106833366667,3.42022705078125,3.56269836425781,3.49146270751953,1.71011352539063,1.78134918212891,1.74573135375977,9.18755086367429,9.9689172294169,9.57424852880707
106,352.108500033333,3.42022705078125,3.55841064453125,3.48931884765625,1.71011352539063,1.77920532226563,1.74465942382813,9.18755086367429,9.94493641630263,9.56249440331485
107,352.1101667,3.44039916992188,3.55841064453125,3.49940490722656,1.72019958496094,1.77920532226563,1.74970245361328,9.29624476190858,9.94493641630263,9.61785608635688
108,352.111833366667,3.44039916992188,3.55841064453125,3.49940490722656,1.72019958496094,1.77920532226563,1.74970245361328,9.29624476190858,9.94493641630263,9.61785608635688
109,352.113500033333,3.4283447265625,3.56446838378906,3.49640655517578,1.71417236328125,1.78223419189453,1.74820327758789,9.2312146702871,9.9788252034495,9.60138164858756
110,352.1151667,3.42276000976563,3.58584594726563,3.50430297851563,1.71138000488281,1.79292297363281,1.75215148925781,9.20116417440333,10.0988782595469,9.64479890371908
111,352.116833366667,3.42265319824219,3.56834411621094,3.49549865722656,1.71132659912109,1.78417205810547,1.74774932861328,9.20058991560314,10.0005374356683,9.59639599099491
112,352.118500033333,3.42276000976563,3.56834411621094,3.49555206298828,1.71138000488281,1.78417205810547,1.74777603149414,9.20116417440333,10.0005374356683,9.59668922912946
113,352.1201667,3.42019653320313,3.56417846679688,3.4921875,1.71009826660156,1.78208923339844,1.74609375,9.18738690932494,9.97720200861406,9.57822397645756
114,352.121833366667,3.42573547363281,3.55978393554688,3.49275970458984,1.71286773681641,1.77989196777344,1.74637985229492,9.21716858687992,9.95261396033173,9.58136307064201
115,352.123500033333,3.42573547363281,3.56417846679688,3.49495697021484,1.71286773681641,1.78208923339844,1.74747848510742,9.21716858687992,9.97720200861406,9.59342197166364
116,352.1251667,3.43157958984375,3.57101440429688,3.50129699707031,1.71578979492188,1.78550720214844,1.75064849853516,9.24864337596551,10.0155103793515,9.62825943663532
117,352.126833366667,3.43157958984375,3.57101440429688,3.50129699707031,1.71578979492188,1.78550720214844,1.75064849853516,9.24864337596551,10.0155103793515,9.62825943663532
118,352.128500033333,3.431396484375,3.564208984375,3.497802734375,1.7156982421875,1.7821044921875,1.7489013671875,9.24765640657998,9.97737286501092,9.6090511947978
119,352.1301667,3.431396484375,3.564208984375,3.497802734375,1.7156982421875,1.7821044921875,1.7489013671875,9.24765640657998,9.97737286501092,9.6090511947978
120,352.131833366667,3.431396484375,3.564208984375,3.497802734375,1.7156982421875,1.7821044921875,1.7489013671875,9.24765640657998,9.97737286501092,9.6090511947978
121,352.133500033333,3.43084716796875,3.55288696289063,3.49186706542969,1.71542358398438,1.77644348144531,1.74593353271484,9.24469581441372,9.91408554916018,9.57646630836363
122,352.1351667,3.43084716796875,3.55288696289063,3.49186706542969,1.71542358398438,1.77644348144531,1.74593353271484,9.24469581441372,9.91408554916018,9.57646630836363
123,352.136833366667,3.43672180175781,3.56620788574219,3.50146484375,1.71836090087891,1.78310394287109,1.750732421875,9.27638227348193,9.98856714505762,9.62918258603677
124,352.138500033333,3.43731689453125,3.56620788574219,3.50176239013672,1.71865844726563,1.78310394287109,1.75088119506836,9.27959509448596,9.98856714505762,9.63081918691634
125,352.1401667,3.44047546386719,3.51416015625,3.47731781005859,1.72023773193359,1.757080078125,1.7386589050293,9.29665707165437,9.69913450680933,9.49682972238017
126,352.141833366667,3.44047546386719,3.51416015625,3.47731781005859,1.72023773193359,1.757080078125,1.7386589050293,9.29665707165437,9.69913450680933,9.49682972238017
127,352.143500033333,3.44773864746094,3.5528564453125,3.50029754638672,1.72386932373047,1.77642822265625,1.75014877319336,9.33595082743702,9.91391523550594,9.62276341785265
128,352.1451667,3.44773864746094,3.56990051269531,3.50881958007813,1.72386932373047,1.78495025634766,1.75440979003906,9.33595082743702,10.0092631612326,9.66967676777626
129,352.146833366667,3.44773864746094,3.57211303710938,3.50992584228516,1.72386932373047,1.78605651855469,1.75496292114258,9.33595082743702,10.021673928248,9.67577504899415
130,352.148500033333,3.45259094238281,3.57748413085938,3.51503753662109,1.72629547119141,1.78874206542969,1.75751876831055,9.36224786978581,10.0518341261642,9.70397827725753
131,352.1501667,3.45259094238281,3.59025573730469,3.52142333984375,1.72629547119141,1.79512786865234,1.76071166992188,9.36224786978581,10.1237322643245,9.73926892992915
132,352.151833366667,3.44374084472656,3.59025573730469,3.51699829101563,1.72187042236328,1.79512786865234,1.75849914550781,9.31431249891378,10.1237322643245,9.7148074218663
133,352.153500033333,3.43963623046875,3.57302856445313,3.50633239746094,1.71981811523438,1.78651428222656,1.75316619873047,9.29212216732883,10.026811667284,9.65597316885208
134,352.1551667,3.43963623046875,3.57302856445313,3.50633239746094,1.71981811523438,1.78651428222656,1.75316619873047,9.29212216732883,10.026811667284,9.65597316885208
135,352.156833366667,3.44027709960938,3.57362365722656,3.50695037841797,1.72013854980469,1.78681182861328,1.75347518920898,9.29558508533326,10.0301519036983,9.65937714355557
136,352.158500033333,3.44027709960938,3.57362365722656,3.50695037841797,1.72013854980469,1.78681182861328,1.75347518920898,9.29558508533326,10.0301519036983,9.65937714355557
137,352.1601667,3.44027709960938,3.58099365234375,3.51063537597656,1.72013854980469,1.79049682617188,1.75531768798828,9.29558508533326,10.071565551943,9.67968737227812
138,352.161833366667,3.44844055175781,3.58505249023438,3.51674652099609,1.72422027587891,1.79252624511719,1.75837326049805,9.33975251411253,10.0944095012452,9.71341657120036
139,352.163500033333,3.45420837402344,3.58505249023438,3.51963043212891,1.72710418701172,1.79252624511719,1.75981521606445,9.37102176924252,10.0944095012452,9.7293540952222
140,352.1651667,3.44844055175781,3.58403015136719,3.5162353515625,1.72422027587891,1.79201507568359,1.75811767578125,9.33975251411253,10.0886531360294,9.71059302917707
141,352.166833366667,3.46101379394531,3.57856750488281,3.51979064941406,1.73050689697266,1.78928375244141,1.75989532470703,9.40798338491074,10.057923067153,9.73023989627938
142,352.168500033333,3.46101379394531,3.58332824707031,3.52217102050781,1.73050689697266,1.79166412353516,1.76108551025391,9.40798338491074,10.0847019552183,9.74340511885802
143,352.1701667,3.46101379394531,3.57856750488281,3.51979064941406,1.73050689697266,1.78928375244141,1.75989532470703,9.40798338491074,10.057923067153,9.73023989627938
144,352.171833366667,3.46150207519531,3.58332824707031,3.52241516113281,1.73075103759766,1.79166412353516,1.76120758056641,9.41063813649751,10.0847019552183,9.74475590134068
145,352.173500033333,3.44761657714844,3.5838623046875,3.51573944091797,1.72380828857422,1.79193115234375,1.75786972045898,9.33528974353451,10.0877082180412,9.70785416423521
146,352.1751667,3.4437255859375,3.5838623046875,3.5137939453125,1.72186279296875,1.79193115234375,1.75689697265625,9.31422995796705,10.0877082180412,9.69711311682747
147,352.176833366667,3.4437255859375,3.58445739746094,3.51409149169922,1.72186279296875,1.79222869873047,1.75704574584961,9.31422995796705,10.0910585815059,9.69875548014135
148,352.178500033333,3.44847106933594,3.57908630371094,3.51377868652344,1.72423553466797,1.78954315185547,1.75688934326172,9.33991782239257,10.0608395508763,9.69702889681651
149,352.1801667,3.45309448242188,3.57980346679688,3.51644897460938,1.72654724121094,1.78990173339844,1.75822448730469,9.36497892626528,10.0648718568951,9.71177296696622
150,352.181833366667,3.44847106933594,3.57908630371094,3.51377868652344,1.72423553466797,1.78954315185547,1.75688934326172,9.33991782239257,10.0608395508763,9.69702889681651
151,352.183500033333,3.45027160644531,3.57980346679688,3.51503753662109,1.72513580322266,1.78990173339844,1.75751876831055,9.34967360027987,10.0648718568951,9.70397827725753
152,352.1851667,3.45027160644531,3.58480834960938,3.51753997802734,1.72513580322266,1.79240417480469,1.75876998901367,9.34967360027987,10.0930346976476,9.71780019571592
153,352.186833366667,3.45513916015625,3.59529113769531,3.52521514892578,1.72756958007813,1.79764556884766,1.76260757446289,9.37607276290525,10.1521496235644,9.76025438229748
154,352.188500033333,3.45674133300781,3.595458984375,3.52610015869141,1.72837066650391,1.7977294921875,1.7630500793457,9.38477028359189,10.1530975547982,9.76515564611193
155,352.1901667,3.46238708496094,3.595458984375,3.52892303466797,1.73119354248047,1.7977294921875,1.76446151733398,9.41545082830259,10.1530975547982,9.78079720827435
156,352.191833366667,3.46395874023438,3.595458984375,3.52970886230469,1.73197937011719,1.7977294921875,1.76485443115234,9.42400053757515,10.1530975547982,9.78515370823149
157,352.193500033333,3.46409606933594,3.59675598144531,3.53042602539063,1.73204803466797,1.79837799072266,1.76521301269531,9.42474778387811,10.1604239701442,9.78913038971624
158,352.1951667,3.46395874023438,3.59675598144531,3.53035736083984,1.73197937011719,1.79837799072266,1.76517868041992,9.42400053757515,10.1604239701442,9.78874960864375
159,352.196833366667,3.46409606933594,3.59675598144531,3.53042602539063,1.73204803466797,1.79837799072266,1.76521301269531,9.42474778387811,10.1604239701442,9.78913038971624
160,352.198500033333,3.45755004882813,3.58531188964844,3.52143096923828,1.72877502441406,1.79265594482422,1.76071548461914,9.38916199200989,10.0958703326547,9.73931113150416
161,352.2001667,3.46810913085938,3.59048461914063,3.529296875,1.73405456542969,1.79524230957031,1.7646484375,9.44659706281113,10.1250230984358,9.78286959699766
162,352.201833366667,3.46810913085938,3.58953857421875,3.52882385253906,1.73405456542969,1.79476928710938,1.76441192626953,9.44659706281113,10.1196881836438,9.78024742770521
163,352.203500033333,3.46810913085938,3.59048461914063,3.529296875,1.73405456542969,1.79524230957031,1.7646484375,9.44659706281113,10.1250230984358,9.78286959699766
164,352.2051667,3.47317504882813,3.58953857421875,3.53135681152344,1.73658752441406,1.79476928710938,1.76567840576172,9.47421478517727,10.1196881836438,9.79429281933501
165,352.206833366667,3.47317504882813,3.55682373046875,3.51499938964844,1.73658752441406,1.77841186523438,1.75749969482422,9.47421478517727,9.93606827712618,9.70376765339849
166,352.208500033333,3.47622680664063,3.53562927246094,3.50592803955078,1.73811340332031,1.76781463623047,1.75296401977539,9.49087142413599,9.81800667751239,9.65374620143852
167,352.2101667,3.49288940429688,3.53562927246094,3.51425933837891,1.74644470214844,1.76781463623047,1.75712966918945,9.58207467015727,9.81800667751239,9.69968200284903
168,352.211833366667,3.49288940429688,3.58317565917969,3.53803253173828,1.74644470214844,1.79158782958984,1.76901626586914,9.58207467015727,10.0838431052724,9.83135832326202
169,352.213500033333,3.46868896484375,3.58905029296875,3.52886962890625,1.73434448242188,1.79452514648438,1.76443481445313,9.4497560844542,10.1169352292922,9.7805011706632
170,352.2151667,3.46868896484375,3.58317565917969,3.52593231201172,1.73434448242188,1.79158782958984,1.76296615600586,9.4497560844542,10.0838431052724,9.76422600153708
171,352.216833366667,3.47309875488281,3.59315490722656,3.53312683105469,1.73654937744141,1.79657745361328,1.76656341552734,9.47379855663968,10.1400889099873,9.8041136531893
172,352.218500033333,3.48362731933594,3.58016967773438,3.53189849853516,1.74181365966797,1.79008483886719,1.76594924926758,9.53132452585577,10.0669312183787,9.7972978105621
173,352.2201667,3.48898315429688,3.56224060058594,3.52561187744141,1.74449157714844,1.78112030029297,1.7628059387207,9.56065455342057,9.96635562328715,9.76245134841565
174,352.221833366667,3.49041748046875,3.56224060058594,3.52632904052734,1.74520874023438,1.78112030029297,1.76316452026367,9.56851696787027,9.96635562328715,9.76642341457672
175,352.223500033333,3.49041748046875,3.57035827636719,3.53038787841797,1.74520874023438,1.78517913818359,1.76519393920898,9.56851696787027,10.0118302752489,9.78891884376164
176,352.2251667,3.49041748046875,3.58078002929688,3.53559875488281,1.74520874023438,1.79039001464844,1.76779937744141,9.56851696787027,10.0703639556517,9.81783719113831
177,352.226833366667,3.48451232910156,3.58078002929688,3.53264617919922,1.74225616455078,1.79039001464844,1.76632308959961,9.53616797551346,10.0703639556517,9.80144630208342
178,352.228500033333,3.48451232910156,3.58210754394531,3.53330993652344,1.74225616455078,1.79105377197266,1.76665496826172,9.53616797551346,10.0778321796932,9.80512988239933
179,352.2301667,3.49139404296875,3.58685302734375,3.53912353515625,1.74569702148438,1.79342651367188,1.76956176757813,9.57387195024106,10.1045515692344,9.83742254070674
180,352.231833366667,3.49139404296875,3.59646606445313,3.54393005371094,1.74569702148438,1.79823303222656,1.77196502685547,9.57387195024106,10.1587860715191,9.86416128648282
181,352.233500033333,3.485107421875,3.59646606445313,3.54078674316406,1.7425537109375,1.79823303222656,1.77039337158203,9.53942546964688,10.1587860715191,9.84667088954902
182,352.2351667,3.485107421875,3.61129760742188,3.54820251464844,1.7425537109375,1.80564880371094,1.77410125732422,9.53942546964688,10.2427469075221,9.88795952577502
183,352.236833366667,3.48681640625,3.61129760742188,3.54905700683594,1.743408203125,1.80564880371094,1.77452850341797,9.54878341720296,10.2427469075221,9.89272261441677
184,352.238500033333,3.48979187011719,3.60121154785156,3.54550170898438,1.74489593505859,1.80060577392578,1.77275085449219,9.56508721952177,10.1856124921701,9.87291230498644
185,352.2401667,3.50836181640625,3.60121154785156,3.55478668212891,1.75418090820313,1.80060577392578,1.77739334106445,9.66715390337455,10.1856124921701,9.9246904541199
186,352.241833366667,3.52159118652344,3.60963439941406,3.56561279296875,1.76079559326172,1.80481719970703,1.78280639648438,9.74019738570021,10.2333143447437,9.98523384068068
187,352.243500033333,3.52159118652344,3.60963439941406,3.56561279296875,1.76079559326172,1.80481719970703,1.78280639648438,9.74019738570021,10.2333143447437,9.98523384068068
188,352.2451667,3.49124145507813,3.5919189453125,3.54158020019531,1.74562072753906,1.79595947265625,1.77079010009766,9.57303513549865,10.1331141991655,9.85108447682121
189,352.246833366667,3.49124145507813,3.5919189453125,3.54158020019531,1.74562072753906,1.79595947265625,1.77079010009766,9.57303513549865,10.1331141991655,9.85108447682121
190,352.248500033333,3.49166870117188,3.5982666015625,3.54496765136719,1.74583435058594,1.79913330078125,1.77248382568359,9.57537830894123,10.1689604202588,9.86993822270398
191,352.2501667,3.49456787109375,3.60186767578125,3.5482177734375,1.74728393554688,1.80093383789063,1.77410888671875,9.5912859887028,10.1893243949915,9.88804457087177
192,352.251833366667,3.49757385253906,3.6060791015625,3.55182647705078,1.74878692626953,1.80303955078125,1.77591323852539,9.60779368230308,10.2131657318503,9.90816800753939
193,352.253500033333,3.49797058105469,3.60861206054688,3.55329132080078,1.74898529052734,1.80430603027344,1.77664566040039,9.60997342292659,10.2275185037808,9.91634234318757
194,352.2551667,3.5078125,3.60891723632813,3.55836486816406,1.75390625,1.80445861816406,1.77918243408203,9.66412690057916,10.2292484336679,9.9446805491876
195,352.256833366667,3.51263427734375,3.61238098144531,3.56250762939453,1.75631713867188,1.80619049072266,1.78125381469727,9.69071343832375,10.2488933909307,9.96784985352784
196,352.258500033333,3.51263427734375,3.61238098144531,3.56250762939453,1.75631713867188,1.80619049072266,1.78125381469727,9.69071343832375,10.2488933909307,9.96784985352784
197,352.2601667,3.5084228515625,3.60934448242188,3.55888366699219,1.75421142578125,1.80467224121094,1.77944183349609,9.66749026627684,10.2316705812801,9.94758056923079
198,352.261833366667,3.5084228515625,3.60934448242188,3.55888366699219,1.75421142578125,1.80467224121094,1.77944183349609,9.66749026627684,10.2316705812801,9.94758056923079
199,352.263500033333,3.50984191894531,3.6114501953125,3.56064605712891,1.75492095947266,1.80572509765625,1.78032302856445,9.67531235337817,10.2436124978631,9.95743526547844
200,352.2651667,3.50984191894531,3.6114501953125,3.56064605712891,1.75492095947266,1.80572509765625,1.78032302856445,9.67531235337817,10.2436124978631,9.95743526547844
201,352.266833366667,3.506103515625,3.6114501953125,3.55877685546875,1.7530517578125,1.80572509765625,1.77938842773438,9.65471258971533,10.2436124978631,9.94698347171928
202,352.268500033333,3.506103515625,3.611328125,3.5587158203125,1.7530517578125,1.8056640625,1.77935791015625,9.65471258971533,10.2429200226645,9.94664228118732
203,352.2701667,3.50619506835938,3.61753845214844,3.56186676025391,1.75309753417969,1.80876922607422,1.78093338012695,9.65521681149533,10.2781793943531,9.96426388911803
204,352.271833366667,3.50619506835938,3.62434387207031,3.56526947021484,1.75309753417969,1.81217193603516,1.78263473510742,9.65521681149533,10.3168869968973,9.98331103350233
205,352.273500033333,3.51148986816406,3.62434387207031,3.56791687011719,1.75574493408203,1.81217193603516,1.78395843505859,9.68440003705953,10.3168869968973,9.99814280408225
206,352.2751667,3.51564025878906,3.63079833984375,3.57321929931641,1.75782012939453,1.81539916992188,1.7866096496582,9.70730643760305,10.3536656861802,10.0278821953044
207,352.276833366667,3.51582336425781,3.63156127929688,3.57369232177734,1.75791168212891,1.81578063964844,1.78684616088867,9.70831763730072,10.3580173737311,10.030537351388
208,352.278500033333,3.5272216796875,3.63801574707031,3.58261871337891,1.76361083984375,1.81900787353516,1.79130935668945,9.77136849786215,10.3948692378106,10.0807086133368
209,352.2801667,3.53851318359375,3.63156127929688,3.58503723144531,1.76925659179688,1.81578063964844,1.79251861572266,9.8340297410973,10.3580173737311,10.0943235732773
210,352.281833366667,3.53851318359375,3.63801574707031,3.58826446533203,1.76925659179688,1.81900787353516,1.79413223266602,9.8340297410973,10.3948692378106,10.1125054797467
211,352.283500033333,3.53851318359375,3.62503051757813,3.58177185058594,1.76925659179688,1.81251525878906,1.79088592529297,9.8340297410973,10.3207965128872,10.0759434017723
212,352.2851667,3.52671813964844,3.62014770507813,3.57343292236328,1.76335906982422,1.81007385253906,1.78671646118164,9.76857880982044,10.2930116023913,10.02908125453
213,352.286833366667,3.52671813964844,3.61602783203125,3.57137298583984,1.76335906982422,1.80801391601563,1.78568649291992,9.76857880982044,10.2695972145166,10.0175218848073
214,352.288500033333,3.53987121582031,3.61602783203125,3.57794952392578,1.76993560791016,1.80801391601563,1.78897476196289,9.84157951770151,10.2695972145166,10.0544495721137
215,352.2901667,3.54145812988281,3.57839965820313,3.55992889404297,1.77072906494141,1.78919982910156,1.77996444702148,9.85040539902633,10.0569795894077,9.95342454060994
216,352.291833366667,3.54145812988281,3.57839965820313,3.55992889404297,1.77072906494141,1.78919982910156,1.77996444702148,9.85040539902633,10.0569795894077,9.95342454060994
217,352.293500033333,3.53178405761719,3.58912658691406,3.56045532226563,1.76589202880859,1.79456329345703,1.78022766113281,9.796662914859,10.1173653537228,9.95636850447214
218,352.2951667,3.53178405761719,3.58912658691406,3.56045532226563,1.76589202880859,1.79456329345703,1.78022766113281,9.796662914859,10.1173653537228,9.95636850447214
219,352.296833366667,3.52699279785156,3.58912658691406,3.55805969238281,1.76349639892578,1.79456329345703,1.77902984619141,9.7701004084697,10.1173653537228,9.94297485253849
220,352.298500033333,3.52818298339844,3.61824035644531,3.57321166992188,1.76409149169922,1.80912017822266,1.78660583496094,9.77669537190783,10.2821682935811,10.0278393730864
221,352.3001667,3.52818298339844,3.61824035644531,3.57321166992188,1.76409149169922,1.80912017822266,1.78660583496094,9.77669537190783,10.2821682935811,10.0278393730864
222,352.301833366667,3.5462646484375,3.61824035644531,3.58225250244141,1.77313232421875,1.80912017822266,1.7911262512207,9.87716177113662,10.2821682935811,10.0786478430631
223,352.303500033333,3.5462646484375,3.623046875,3.58465576171875,1.77313232421875,1.8115234375,1.79232788085938,9.87716177113662,10.3095043762386,10.092175492944
224,352.3051667,3.54324340820313,3.62522888183594,3.58423614501953,1.77162170410156,1.81261444091797,1.79211807250977,9.86033924385084,10.3219260664976,10.0898128685884
225,352.306833366667,3.54071044921875,3.62522888183594,3.58296966552734,1.77035522460938,1.81261444091797,1.79148483276367,9.84624655827391,10.3219260664976,10.0826837158591
226,352.308500033333,3.53700256347656,3.62712097167969,3.58206176757813,1.76850128173828,1.81356048583984,1.79103088378906,9.82563507846591,10.332703376673,10.0775746086443
227,352.3101667,3.53675842285156,3.62712097167969,3.58193969726563,1.76837921142578,1.81356048583984,1.79096984863281,9.82427870178451,10.332703376673,10.0768877686061
228,352.311833366667,3.53675842285156,3.62629699707031,3.58152770996094,1.76837921142578,1.81314849853516,1.79076385498047,9.82427870178451,10.3280093406904,10.0745698562843
229,352.313500033333,3.55227661132813,3.62565612792969,3.58896636962891,1.77613830566406,1.81282806396484,1.79448318481445,9.91067955402967,10.3243591611258,10.1164621029788
230,352.3151667,3.55227661132813,3.62565612792969,3.58896636962891,1.77613830566406,1.81282806396484,1.79448318481445,9.91067955402967,10.3243591611258,10.1164621029788
231,352.316833366667,3.55094909667969,3.602294921875,3.57662200927734,1.77547454833984,1.8011474609375,1.78831100463867,9.90327353509354,10.1917418115266,10.0469900186048
232,352.318500033333,3.54963684082031,3.602294921875,3.57596588134766,1.77481842041016,1.8011474609375,1.78798294067383,9.89595536347375,10.1917418115266,10.0433041350615
233,352.3201667,3.54891967773438,3.62313842773438,3.58602905273438,1.77445983886719,1.81156921386719,1.79301452636719,9.89195704067613,10.3100254157249,10.0999096519028
234,352.321833366667,3.54891967773438,3.62826538085938,3.58859252929688,1.77445983886719,1.81413269042969,1.79429626464844,9.89195704067613,10.3392246403098,10.114354674716
235,352.323500033333,3.54698181152344,3.62826538085938,3.58762359619141,1.77349090576172,1.81413269042969,1.7938117980957,9.88115710299823,10.3392246403098,10.1088935865769
236,352.3251667,3.54698181152344,3.62826538085938,3.58762359619141,1.77349090576172,1.81413269042969,1.7938117980957,9.88115710299823,10.3392246403098,10.1088935865769
237,352.326833366667,3.53945922851563,3.62117004394531,3.58031463623047,1.76972961425781,1.81058502197266,1.79015731811523,9.83928882991946,10.2988259682858,10.0677464404959
238,352.328500033333,3.53945922851563,3.62655639648438,3.5830078125,1.76972961425781,1.81327819824219,1.79150390625,9.83928882991946,10.3294869777371,10.0828984125735
239,352.3301667,3.5439453125,3.62655639648438,3.58525085449219,1.77197265625,1.81327819824219,1.79262542724609,9.86424622917531,10.3294869777371,10.0955265981082
240,352.331833366667,3.549560546875,3.62655639648438,3.58805847167969,1.7747802734375,1.81327819824219,1.79402923583984,9.89552997158304,10.3294869777371,10.1113444437278
241,352.333500033333,3.549560546875,3.6346435546875,3.59210205078125,1.7747802734375,1.81732177734375,1.79605102539063,9.89552997158304,10.3756074999848,10.1341473382456
242,352.3351667,3.549560546875,3.63540649414063,3.59248352050781,1.7747802734375,1.81770324707031,1.79624176025391,9.89552997158304,10.3799637957277,10.136299880479
243,352.336833366667,3.549560546875,3.63540649414063,3.59248352050781,1.7747802734375,1.81770324707031,1.79624176025391,9.89552997158304,10.3799637957277,10.136299880479
244,352.338500033333,3.54737854003906,3.62765502929688,3.58751678466797,1.77368927001953,1.81382751464844,1.79375839233398,9.88336763365856,10.3357463770262,10.1082916671045
245,352.3401667,3.54737854003906,3.61830139160156,3.58283996582031,1.77368927001953,1.80915069580078,1.79141998291016,9.88336763365856,10.2825151909565,10.081953764128
246,352.341833366667,3.55381774902344,3.60710144042969,3.58045959472656,1.77690887451172,1.80355072021484,1.79022979736328,9.919280818364,10.2189575051695,10.0685616956203
247,352.343500033333,3.55381774902344,3.59516906738281,3.57449340820313,1.77690887451172,1.79758453369141,1.78724670410156,9.919280818364,10.1514602468263,10.0350347883243
248,352.3451667,3.55012512207031,3.58323669433594,3.56668090820313,1.77506256103516,1.79161834716797,1.78334045410156,9.89867808808616,10.084186640862,9.99121709150709
249,352.346833366667,3.55012512207031,3.58323669433594,3.56668090820313,1.77506256103516,1.79161834716797,1.78334045410156,9.89867808808616,10.084186640862,9.99121709150709
250,352.348500033333,3.58320617675781,3.62702941894531,3.60511779785156,1.79160308837891,1.81351470947266,1.80255889892578,10.0840148723357,10.3321817644543,10.2077212337051
251,352.3501667,3.58320617675781,3.62702941894531,3.60511779785156,1.79160308837891,1.81351470947266,1.80255889892578,10.0840148723357,10.3321817644543,10.2077212337051
252,352.351833366667,3.57057189941406,3.60934448242188,3.58995819091797,1.78528594970703,1.80467224121094,1.79497909545898,10.0130283744346,10.2316705812801,10.1220543030021
253,352.353500033333,3.57057189941406,3.60934448242188,3.58995819091797,1.78528594970703,1.80467224121094,1.79497909545898,10.0130283744346,10.2316705812801,10.1220543030021
254,352.3551667,3.55659484863281,3.62091064453125,3.58875274658203,1.77829742431641,1.81045532226563,1.79437637329102,9.93478954500472,10.297350525982,10.1152578313761
255,352.356833366667,3.55499267578125,3.62091064453125,3.58795166015625,1.77749633789063,1.81045532226563,1.79397583007813,9.92584072425041,10.297350525982,10.1107424512924
256,352.358500033333,3.55419921875,3.62509155273438,3.58964538574219,1.777099609375,1.81254577636719,1.79482269287109,9.92141042021332,10.3211440612611,10.1202904423302
257,352.3601667,3.55499267578125,3.63177490234375,3.5933837890625,1.77749633789063,1.81588745117188,1.79669189453125,9.92584072425041,10.3592360100922,10.1413807864277
258,352.361833366667,3.55548095703125,3.63258361816406,3.59403228759766,1.77774047851563,1.81629180908203,1.79701614379883,9.92856755673679,10.3638500685263,10.1450415498847
259,352.363500033333,3.56982421875,3.63177490234375,3.60079956054688,1.784912109375,1.81588745117188,1.80039978027344,10.0088353408979,10.3592360100922,10.183282108106
260,352.3651667,3.59950256347656,3.62101745605469,3.61026000976563,1.79975128173828,1.81050872802734,1.80513000488281,10.1759474547025,10.2979580482477,10.2368618631178
261,352.366833366667,3.56982421875,3.57135009765625,3.57058715820313,1.784912109375,1.78567504882813,1.78529357910156,10.0088353408979,10.0173934848075,10.0131139556908
262,352.368500033333,3.56025695800781,3.57992553710938,3.57009124755859,1.78012847900391,1.78996276855469,1.7850456237793,9.95525913364525,10.0655582873163,10.0103327520711
263,352.3701667,3.56025695800781,3.57992553710938,3.57009124755859,1.78012847900391,1.78996276855469,1.7850456237793,9.95525913364525,10.0655582873163,10.0103327520711
264,352.371833366667,3.56025695800781,3.57992553710938,3.57009124755859,1.78012847900391,1.78996276855469,1.7850456237793,9.95525913364525,10.0655582873163,10.0103327520711
265,352.373500033333,3.55575561523438,3.61167907714844,3.58371734619141,1.77787780761719,1.80583953857422,1.7918586730957,9.93010156458866,10.244910951949,10.0868921881189
266,352.3751667,3.55575561523438,3.61167907714844,3.58371734619141,1.77787780761719,1.80583953857422,1.7918586730957,9.93010156458866,10.244910951949,10.0868921881189
267,352.376833366667,3.55575561523438,3.61167907714844,3.58371734619141,1.77787780761719,1.80583953857422,1.7918586730957,9.93010156458866,10.244910951949,10.0868921881189
268,352.378500033333,3.56089782714844,3.62721252441406,3.59405517578125,1.78044891357422,1.81360626220703,1.79702758789063,9.95884347750756,10.3332250020579,10.1451707653699
269,352.3801667,3.56727600097656,3.60662841796875,3.58695220947266,1.78363800048828,1.80331420898438,1.79347610473633,9.99455139432562,10.2162775253775,10.1051103904544
270,352.381833366667,3.57304382324219,3.6104736328125,3.59175872802734,1.78652191162109,1.80523681640625,1.79587936401367,10.0268973074227,10.2380733516612,10.1322102456722
271,352.383500033333,3.56727600097656,3.6104736328125,3.58887481689453,1.78363800048828,1.80523681640625,1.79443740844727,9.99455139432562,10.2380733516612,10.1159459778001
272,352.3851667,3.56990051269531,3.6104736328125,3.59018707275391,1.78495025634766,1.80523681640625,1.79509353637695,10.0092631612326,10.2380733516612,10.1233450301375
273,352.386833366667,3.56990051269531,3.61555480957031,3.59272766113281,1.78495025634766,1.80777740478516,1.79636383056641,10.0092631612326,10.2669106022199,10.1376776274677
274,352.388500033333,3.57334899902344,3.56138610839844,3.56736755371094,1.78667449951172,1.78069305419922,1.78368377685547,10.0286101869996,9.9615748391883,9.99506441336349
275,352.3901667,3.57830810546875,3.62014770507813,3.59922790527344,1.78915405273438,1.81007385253906,1.79961395263672,10.0564649838351,10.2930116023913,10.174394573013
276,352.391833366667,3.57830810546875,3.58207702636719,3.58019256591797,1.78915405273438,1.79103851318359,1.79009628295898,10.0564649838351,10.0776604652949,10.067059935466
277,352.393500033333,3.57830810546875,3.62014770507813,3.59922790527344,1.78915405273438,1.81007385253906,1.79961395263672,10.0564649838351,10.2930116023913,10.174394573013
278,352.3951667,3.5775146484375,3.62049865722656,3.59900665283203,1.78875732421875,1.81024932861328,1.79950332641602,10.0520056203933,10.295007393684,10.173143726716
279,352.396833366667,3.59230041503906,3.62136840820313,3.60683441162109,1.79615020751953,1.81068420410156,1.80341720581055,10.1352666316801,10.2999543190119,10.2174445701496
280,352.398500033333,3.59230041503906,3.62049865722656,3.60639953613281,1.79615020751953,1.81024932861328,1.80319976806641,10.1352666316801,10.295007393684,10.2149808871388
281,352.4001667,3.59230041503906,3.56742858886719,3.57986450195313,1.79615020751953,1.78371429443359,1.78993225097656,10.1352666316801,9.99540643337,10.0652150691799
282,352.401833366667,3.5977783203125,3.56742858886719,3.58260345458984,1.79888916015625,1.78371429443359,1.79130172729492,10.166200771594,9.99540643337,10.0806227437028
283,352.403500033333,3.5977783203125,3.617919921875,3.60784912109375,1.79888916015625,1.8089599609375,1.80392456054688,10.166200771594,10.2803471783643,10.2231943190898
284,352.4051667,3.5977783203125,3.619384765625,3.60858154296875,1.79888916015625,1.8096923828125,1.80429077148438,10.166200771594,10.2886735931243,10.2273455188382
285,352.406833366667,3.58839416503906,3.617919921875,3.60315704345703,1.79419708251953,1.8089599609375,1.80157852172852,10.113236536621,10.2803471783643,10.1966206857913
286,352.408500033333,3.58172607421875,3.61421203613281,3.59796905517578,1.79086303710938,1.80710601806641,1.79898452758789,10.0756858548616,10.2592860048533,10.1672787147804
287,352.4101667,3.57916259765625,3.58773803710938,3.58345031738281,1.78958129882813,1.79386901855469,1.79172515869141,10.0612684812001,10.1095385201838,10.0853890615076
288,352.411833366667,3.58172607421875,3.58773803710938,3.58473205566406,1.79086303710938,1.79386901855469,1.79236602783203,10.0756858548616,10.1095385201838,10.0926050907242
289,352.413500033333,3.58320617675781,3.63026428222656,3.60673522949219,1.79160308837891,1.81513214111328,1.80336761474609,10.0840148723357,10.3506200489172,10.2168826513835
290,352.4151667,3.59266662597656,3.63026428222656,3.61146545410156,1.79633331298828,1.81513214111328,1.80573272705078,10.137333181943,10.3506200489172,10.2436990589088
291,352.416833366667,3.59266662597656,3.62709045410156,3.60987854003906,1.79633331298828,1.81354522705078,1.80493927001953,10.137333181943,10.3325295044705,10.2346986690121
292,352.418500033333,3.58175659179688,3.60443115234375,3.59309387207031,1.79087829589844,1.80221557617188,1.79654693603516,10.0758575524363,10.2038331951812,10.1397444235009
293,352.4201667,3.58175659179688,3.62709045410156,3.60442352294922,1.79087829589844,1.81354522705078,1.80221176147461,10.0758575524363,10.3325295044705,10.2037899989134
294,352.421833366667,3.59431457519531,3.61299133300781,3.60365295410156,1.79715728759766,1.80649566650391,1.80182647705078,10.1466352650464,10.2523570104043,10.1994276468267
295,352.423500033333,3.59664916992188,3.6265869140625,3.61161804199219,1.79832458496094,1.81329345703125,1.80580902099609,10.159820518448,10.3296608243385,10.24456468948
296,352.4251667,3.59664916992188,3.6265869140625,3.61161804199219,1.79832458496094,1.81329345703125,1.80580902099609,10.159820518448,10.3296608243385,10.24456468948
297,352.426833366667,3.60768127441406,3.63398742675781,3.62083435058594,1.80384063720703,1.81699371337891,1.81041717529297,10.22224312116,10.3718618169221,10.2969165924784
298,352.428500033333,3.60768127441406,3.63398742675781,3.62083435058594,1.80384063720703,1.81699371337891,1.81041717529297,10.22224312116,10.3718618169221,10.2969165924784
299,352.4301667,3.59298706054688,3.63787841796875,3.61543273925781,1.79649353027344,1.81893920898438,1.80771636962891,10.1391415862303,10.3940844742421,10.2662173399713
300,352.431833366667,3.59298706054688,3.62919616699219,3.61109161376953,1.79649353027344,1.81459808349609,1.80554580688477,10.1391415862303,10.3445301184471,10.2415784185756
301,352.433500033333,3.59414672851563,3.62612915039063,3.61013793945313,1.79707336425781,1.81306457519531,1.80506896972656,10.1456876355396,10.3270532789237,10.2361696161344
302,352.4351667,3.59414672851563,3.57789611816406,3.58602142333984,1.79707336425781,1.78894805908203,1.79301071166992,10.1456876355396,10.0541494216912,10.0998666761698
303,352.436833366667,3.59255981445313,3.57789611816406,3.58522796630859,1.79627990722656,1.78894805908203,1.7926139831543,10.1367304163554,10.0541494216912,10.0953976991619
304,352.438500033333,3.59255981445313,3.63583374023438,3.61419677734375,1.79627990722656,1.81791687011719,1.80709838867188,10.1367304163554,10.3824037207204,10.2591993779764
305,352.4401667,3.58749389648438,3.63583374023438,3.61166381835938,1.79374694824219,1.81791687011719,1.80583190917969,10.108162686692,10.3824037207204,10.2448243857831
306,352.441833366667,3.59300231933594,3.62408447265625,3.60854339599609,1.79650115966797,1.81204223632813,1.80427169799805,10.1392277047432,10.3154102613739,10.2271292897171
307,352.443500033333,3.59300231933594,3.62408447265625,3.60854339599609,1.79650115966797,1.81204223632813,1.80427169799805,10.1392277047432,10.3154102613739,10.2271292897171
308,352.4451667,3.60057067871094,3.58213806152344,3.59135437011719,1.80028533935547,1.79106903076172,1.79567718505859,10.1819875654974,10.0780038955544,10.1299290185356
309,352.446833366667,3.60057067871094,3.59603881835938,3.59830474853516,1.80028533935547,1.79801940917969,1.79915237426758,10.1819875654974,10.156372566827,10.1691760335828
310,352.448500033333,3.60057067871094,3.59603881835938,3.59830474853516,1.80028533935547,1.79801940917969,1.79915237426758,10.1819875654974,10.156372566827,10.1691760335828
311,352.4501667,3.61262512207031,3.63575744628906,3.62419128417969,1.80631256103516,1.81787872314453,1.81209564208984,10.2502787685001,10.3819679987994,10.3160183161418
312,352.451833366667,3.62333679199219,3.63575744628906,3.62954711914063,1.81166839599609,1.81787872314453,1.81477355957031,10.3111543797793,10.3819679987994,10.3465308979248
313,352.453500033333,3.63722229003906,3.57643127441406,3.60682678222656,1.81861114501953,1.78821563720703,1.80341339111328,10.390335457189,10.0459184711134,10.2174013450806
314,352.4551667,3.63722229003906,3.57643127441406,3.60682678222656,1.81861114501953,1.78821563720703,1.80341339111328,10.390335457189,10.0459184711134,10.2174013450806
315,352.456833366667,3.60841369628906,3.57643127441406,3.59242248535156,1.80420684814453,1.78821563720703,1.79621124267578,10.2263941278032,10.0459184711134,10.135955458361
316,352.458500033333,3.60841369628906,3.60205078125,3.60523223876953,1.80420684814453,1.801025390625,1.80261611938477,10.2263941278032,10.1903603955393,10.2083693121287
317,352.4601667,3.60841369628906,3.60205078125,3.60523223876953,1.80420684814453,1.801025390625,1.80261611938477,10.2263941278032,10.1903603955393,10.2083693121287
318,352.461833366667,3.61666870117188,3.64599609375,3.63133239746094,1.80833435058594,1.822998046875,1.81566619873047,10.2732377015175,10.4405236002981,10.3567117714619
319,352.463500033333,3.61666870117188,3.64599609375,3.63133239746094,1.80833435058594,1.822998046875,1.81566619873047,10.2732377015175,10.4405236002981,10.3567117714619
320,352.4651667,3.61666870117188,3.64833068847656,3.63249969482422,1.80833435058594,1.82416534423828,1.81624984741211,10.2732377015175,10.4538983787599,10.3633712033682
321,352.466833366667,3.60877990722656,3.63681030273438,3.62279510498047,1.80438995361328,1.81840515136719,1.81139755249023,10.2284699471151,10.3879817688399,10.30807158554
322,352.468500033333,3.60877990722656,3.64852905273438,3.62865447998047,1.80438995361328,1.82426452636719,1.81432723999023,10.2284699471151,10.455035192467,10.341442338583
323,352.4701667,3.61557006835938,3.63496398925781,3.62526702880859,1.80778503417969,1.81748199462891,1.8126335144043,10.2669972616467,10.3774370328322,10.3221432954318
324,352.471833366667,3.63478088378906,3.64653015136719,3.64065551757813,1.81739044189453,1.82326507568359,1.82032775878906,10.3763915657414,10.4435824349108,10.4099598951971
325,352.473500033333,3.61729431152344,3.64653015136719,3.63191223144531,1.80864715576172,1.82326507568359,1.81595611572266,10.2767921325453,10.4435824349108,10.3600194570345
326,352.4751667,3.61729431152344,3.64653015136719,3.63191223144531,1.80864715576172,1.82326507568359,1.81595611572266,10.2767921325453,10.4435824349108,10.3600194570345
327,352.476833366667,3.61729431152344,3.64582824707031,3.63156127929688,1.80864715576172,1.82291412353516,1.81578063964844,10.2767921325453,10.4395623448065,10.3580173737311
328,352.478500033333,3.61491394042969,3.64582824707031,3.63037109375,1.80745697021484,1.82291412353516,1.815185546875,10.2632712365457,10.4395623448065,10.3512291405283
329,352.4801667,3.619873046875,3.64552307128906,3.63269805908203,1.8099365234375,1.82276153564453,1.81634902954102,10.2914498137251,10.4378147209252,10.3645030842985
330,352.481833366667,3.62440490722656,3.64607238769531,3.63523864746094,1.81220245361328,1.82303619384766,1.81761932373047,10.3172344794399,10.4409605492416,10.3790053322153
331,352.483500033333,3.64195251464844,3.6263427734375,3.63414764404297,1.82097625732422,1.81317138671875,1.81707382202148,10.4173783902643,10.3282700924889,10.372776398058
332,352.4851667,3.62986755371094,3.6263427734375,3.62810516357422,1.81493377685547,1.81317138671875,1.81405258178711,10.3483578655453,10.3282700924889,10.3383115395555
333,352.486833366667,3.62986755371094,3.6263427734375,3.62810516357422,1.81493377685547,1.81317138671875,1.81405258178711,10.3483578655453,10.3282700924889,10.3383115395555
334,352.488500033333,3.62910461425781,3.63365173339844,3.63137817382813,1.81455230712891,1.81682586669922,1.81568908691406,10.3440082077932,10.3699456824331,10.3569728853326
335,352.4901667,3.62910461425781,3.64054870605469,3.63482666015625,1.81455230712891,1.82027435302734,1.81741333007813,10.3440082077932,10.4093490780741,10.3766529275768
336,352.491833366667,3.62930297851563,3.64054870605469,3.63492584228516,1.81465148925781,1.82027435302734,1.81746292114258,10.3451390308508,10.4093490780741,10.3772192228452
337,352.493500033333,3.62930297851563,3.59638977050781,3.61284637451172,1.81465148925781,1.79819488525391,1.80642318725586,10.3451390308508,10.158355067509,10.2515343477943
338,352.4951667,3.62931823730469,3.58941650390625,3.60936737060547,1.81465911865234,1.79470825195313,1.80468368530273,10.3452260197999,10.1189999099458,10.2318003472797
339,352.496833366667,3.63475036621094,3.59638977050781,3.61557006835938,1.81737518310547,1.79819488525391,1.80778503417969,10.3762173263465,10.158355067509,10.2669972616467
340,352.498500033333,3.63475036621094,3.62852478027344,3.63163757324219,1.81737518310547,1.81426239013672,1.81581878662109,10.3762173263465,10.3407030794013,10.3584525927741
341,352.5001667,3.63412475585938,3.65008544921875,3.64210510253906,1.81706237792969,1.82504272460938,1.82105255126953,10.3726457411414,10.4639569527113,10.4182513281114
342,352.501833366667,3.6328125,3.65008544921875,3.64144897460938,1.81640625,1.82504272460938,1.82072448730469,10.3651561206429,10.4639569527113,10.4144979548541
343,352.503500033333,3.63412475585938,3.64825439453125,3.64118957519531,1.81706237792969,1.82412719726563,1.82059478759766,10.3726457411414,10.4534611591765,10.4130142496232
344,352.5051667,3.6328125,3.64825439453125,3.64053344726563,1.81640625,1.82412719726563,1.82026672363281,10.3651561206429,10.4534611591765,10.409261819948
345,352.506833366667,3.66168212890625,3.60226440429688,3.63197326660156,1.83084106445313,1.80113220214844,1.81598663330078,10.5305526117164,10.191569129408,10.3603676651845
346,352.508500033333,3.63322448730469,3.63494873046875,3.63408660888672,1.81661224365234,1.81747436523438,1.81704330444336,10.3675072218214,10.3773499085631,10.3724279814422
347,352.5101667,3.63322448730469,3.63494873046875,3.63408660888672,1.81661224365234,1.81747436523438,1.81704330444336,10.3675072218214,10.3773499085631,10.3724279814422
348,352.511833366667,3.62643432617188,3.63494873046875,3.63069152832031,1.81321716308594,1.81747436523438,1.81534576416016,10.3287916059606,10.3773499085631,10.3530565228861
349,352.513500033333,3.62643432617188,3.59014892578125,3.60829162597656,1.81321716308594,1.79507446289063,1.80414581298828,10.3287916059606,10.1231299032338,10.2257022348459
350,352.5151667,3.63626098632813,3.59014892578125,3.61320495605469,1.81813049316406,1.79507446289063,1.80660247802734,10.384843932445,10.1231299032338,10.2535694154659
351,352.516833366667,3.63868713378906,3.61114501953125,3.62491607666016,1.81934356689453,1.80557250976563,1.81245803833008,10.398706286142,10.241881353754,10.3201448754582
352,352.518500033333,3.63868713378906,3.64064025878906,3.63966369628906,1.81934356689453,1.82032012939453,1.81983184814453,10.398706286142,10.4098726345109,10.4042887113124
353,352.5201667,3.63786315917969,3.61114501953125,3.62450408935547,1.81893157958984,1.80557250976563,1.81225204467773,10.3939972801187,10.241881353754,10.3177991510522
354,352.521833366667,3.63595581054688,3.58450317382813,3.6102294921875,1.81797790527344,1.79225158691406,1.80511474609375,10.3831008948119,10.0913163248134,10.2366887991776
355,352.523500033333,3.63595581054688,3.58450317382813,3.6102294921875,1.81797790527344,1.79225158691406,1.80511474609375,10.3831008948119,10.0913163248134,10.2366887991776
356,352.5251667,3.63595581054688,3.63011169433594,3.63303375244141,1.81797790527344,1.81505584716797,1.8165168762207,10.3831008948119,10.3497499491312,10.3664187159093
357,352.526833366667,3.63905334472656,3.64048767089844,3.6397705078125,1.81952667236328,1.82024383544922,1.81988525390625,10.4007995200307,10.4090000477642,10.4048993799492
358,352.528500033333,3.63905334472656,3.66270446777344,3.65087890625,1.81952667236328,1.83135223388672,1.825439453125,10.4007995200307,10.5364336771663,10.4685067654521
359,352.5301667,3.64453125,3.66270446777344,3.65361785888672,1.822265625,1.83135223388672,1.82680892944336,10.4321359536389,10.5364336771663,10.4842199678558
360,352.531833366667,3.64230346679688,3.63320922851563,3.63775634765625,1.82115173339844,1.81660461425781,1.81887817382813,10.4193862019892,10.3674201392455,10.3933869314952
361,352.533500033333,3.64773559570313,3.63320922851563,3.64047241210938,1.82386779785156,1.81660461425781,1.82023620605469,10.4504883084882,10.3674201392455,10.408912791101
362,352.5351667,3.64230346679688,3.66545104980469,3.65387725830078,1.82115173339844,1.83272552490234,1.82693862915039,10.4193862019892,10.5522416846619,10.4857087371604
363,352.536833366667,3.64590454101563,3.66806030273438,3.656982421875,1.82295227050781,1.83403015136719,1.8284912109375,10.4399992736349,10.5672702675084,10.5035383869455
364,352.538500033333,3.63710021972656,3.66806030273438,3.65258026123047,1.81855010986328,1.83403015136719,1.82629013061523,10.3896380402531,10.5672702675084,10.4782659475955
365,352.5401667,3.64590454101563,3.66806030273438,3.656982421875,1.82295227050781,1.83403015136719,1.8284912109375,10.4399992736349,10.5672702675084,10.5035383869455
366,352.541833366667,3.64503479003906,3.67320251464844,3.65911865234375,1.82251739501953,1.83660125732422,1.82955932617188,10.4350188270022,10.5969193066699,10.515813279044
367,352.543500033333,3.64900207519531,3.65969848632813,3.65435028076172,1.82450103759766,1.82984924316406,1.82717514038086,10.45774630535,10.519146272368,10.4884238238775
368,352.5451667,3.64503479003906,3.66043090820313,3.65273284912109,1.82251739501953,1.83021545410156,1.82636642456055,10.4350188270022,10.523357124064,10.4791414327487
369,352.546833366667,3.64900207519531,3.64248657226563,3.64574432373047,1.82450103759766,1.82124328613281,1.82287216186523,10.45774630535,10.4204338327358,10.4390817336557
370,352.548500033333,3.64076232910156,3.65620422363281,3.64848327636719,1.82038116455078,1.82810211181641,1.82424163818359,10.4105707302408,10.4990686003952,10.4547728453563
371,352.5501667,3.654541015625,3.61843872070313,3.63648986816406,1.8272705078125,1.80921936035156,1.81824493408203,10.4895187163413,10.2832957314463,10.3861513066738
372,352.551833366667,3.65574645996094,3.60581970214844,3.63078308105469,1.82787322998047,1.80290985107422,1.81539154052734,10.4964397585505,10.2116964385569,10.3535786617553
373,352.553500033333,3.6563720703125,3.60581970214844,3.63109588623047,1.82818603515625,1.80290985107422,1.81554794311523,10.5000325915436,10.2116964385569,10.3553627355662
374,352.5551667,3.6563720703125,3.61968994140625,3.63803100585938,1.82818603515625,1.80984497070313,1.81901550292969,10.5000325915436,10.2904086871123,10.3949564355913
375,352.556833366667,3.66801452636719,3.66787719726563,3.66794586181641,1.83400726318359,1.83393859863281,1.8339729309082,10.5670065159964,10.5662152812097,10.5666108949
376,352.558500033333,3.67002868652344,3.6229248046875,3.64647674560547,1.83501434326172,1.81146240234375,1.82323837280273,10.5786146963465,10.3088096774045,10.4432765312887
377,352.5601667,3.6883544921875,3.68046569824219,3.68441009521484,1.84417724609375,1.84023284912109,1.84220504760742,10.6845243036096,10.6388682412114,10.6616840529758
378,352.561833366667,3.67002868652344,3.64244079589844,3.65623474121094,1.83501434326172,1.82122039794922,1.82811737060547,10.5786146963465,10.4201719201118,10.4992438682215
379,352.563500033333,3.66940307617188,3.68441772460938,3.67691040039063,1.83470153808594,1.84220886230469,1.83845520019531,10.5750084429087,10.6617282078207,10.6183240603895
380,352.5651667,3.66105651855469,3.68441772460938,3.67273712158203,1.83052825927734,1.84220886230469,1.83636856079102,10.5269545604945,10.6617282078207,10.5942342271912
381,352.566833366667,3.66105651855469,3.68441772460938,3.67273712158203,1.83052825927734,1.84220886230469,1.83636856079102,10.5269545604945,10.6617282078207,10.5942342271912
382,352.568500033333,3.66995239257813,3.69564819335938,3.68280029296875,1.83497619628906,1.84782409667969,1.84140014648438,10.5781748764263,10.7268232639768,10.6523694256699
383,352.5701667,3.66995239257813,3.68595886230469,3.67795562744141,1.83497619628906,1.84297943115234,1.8389778137207,10.5781748764263,10.6706493611369,10.6243618126404
384,352.571833366667,3.65724182128906,3.68701171875,3.67212677001953,1.82862091064453,1.843505859375,1.83606338500977,10.5050285271872,10.6767461554357,10.5907133271602
385,352.573500033333,3.65724182128906,3.68701171875,3.67212677001953,1.82862091064453,1.843505859375,1.83606338500977,10.5050285271872,10.6767461554357,10.5907133271602
386,352.5751667,3.67465209960938,3.687255859375,3.68095397949219,1.83732604980469,1.8436279296875,1.84047698974609,10.6052848491854,10.6781601535344,10.6416913103007
387,352.576833366667,3.67465209960938,3.68907165527344,3.68186187744141,1.83732604980469,1.84453582763672,1.8409309387207,10.6052848491854,10.6886797021158,10.6469414499501
388,352.578500033333,3.67465209960938,3.69528198242188,3.68496704101563,1.83732604980469,1.84764099121094,1.84248352050781,10.6052848491854,10.7246974743092,10.6649075969408
389,352.5801667,3.694091796875,3.69792175292969,3.69600677490234,1.8470458984375,1.84896087646484,1.84800338745117,10.7177901127613,10.7400255885352,10.7289049704825
390,352.581833366667,3.694091796875,3.69792175292969,3.69600677490234,1.8470458984375,1.84896087646484,1.84800338745117,10.7177901127613,10.7400255885352,10.7289049704825
391,352.583500033333,3.66851806640625,3.68792724609375,3.67822265625,1.83425903320313,1.84396362304688,1.839111328125,10.5699079636647,10.6820491310688,10.6259045793028
392,352.5851667,3.66851806640625,3.68792724609375,3.67822265625,1.83425903320313,1.84396362304688,1.839111328125,10.5699079636647,10.6820491310688,10.6259045793028
393,352.586833366667,3.66192626953125,3.68792724609375,3.6749267578125,1.83096313476563,1.84396362304688,1.83746337890625,10.531956896039,10.6820491310688,10.6068702712932
394,352.588500033333,3.68466186523438,3.68754577636719,3.68610382080078,1.84233093261719,1.84377288818359,1.84305191040039,10.6631412111351,10.6798393978816,10.6714886714804
395,352.5901667,3.66957092285156,3.68754577636719,3.67855834960938,1.83478546142578,1.84377288818359,1.83927917480469,10.5759759139735,10.6798393978816,10.6278442163022
396,352.591833366667,3.67295837402344,3.689453125,3.68120574951172,1.83647918701172,1.8447265625,1.84060287475586,10.5955106979614,10.6908903496267,10.6431471016374
397,352.593500033333,3.67143249511719,3.689453125,3.68044281005859,1.83571624755859,1.8447265625,1.8402214050293,10.5867090147645,10.6908903496267,10.6387359190368
398,352.5951667,3.67295837402344,3.67483520507813,3.67389678955078,1.83647918701172,1.83741760253906,1.83694839477539,10.5955106979614,10.606341784091,10.600925549386
399,352.596833366667,3.68272399902344,3.67483520507813,3.67877960205078,1.84136199951172,1.83741760253906,1.83938980102539,10.6519280751716,10.606341784091,10.6291227101966
400,352.598500033333,3.68272399902344,3.69691467285156,3.6898193359375,1.84136199951172,1.84845733642578,1.84490966796875,10.6519280751716,10.7341765772661,10.6930127862862
401,352.6001667,3.67292785644531,3.70060729980469,3.686767578125,1.83646392822266,1.85030364990234,1.8433837890625,10.5953346284559,10.7556307404953,10.6753322509637
402,352.601833366667,3.67292785644531,3.701171875,3.68704986572266,1.83646392822266,1.8505859375,1.84352493286133,10.5953346284559,10.7589128101895,10.6769670864669
403,352.603500033333,3.673828125,3.70060729980469,3.68721771240234,1.8369140625,1.85030364990234,1.84360885620117,10.6005292938403,10.7556307404953,10.6779392101598
404,352.6051667,3.67939758300781,3.69503784179688,3.68721771240234,1.83969879150391,1.84751892089844,1.84360885620117,10.6326940832329,10.7232803982308,10.6779392101598
405,352.606833366667,3.68339538574219,3.69503784179688,3.68921661376953,1.84169769287109,1.84751892089844,1.84460830688477,10.6558122733526,10.7232803982308,10.6895197212431
406,352.608500033333,3.70135498046875,3.69358825683594,3.69747161865234,1.85067749023438,1.84679412841797,1.84873580932617,10.75997737275,10.7148684373246,10.7374110608411
407,352.6101667,3.68341064453125,3.69940185546875,3.69140625,1.84170532226563,1.84970092773438,1.845703125,10.6559005588129,10.7486247539478,10.7022124461061
408,352.611833366667,3.68511962890625,3.69432067871094,3.68972015380859,1.84255981445313,1.84716033935547,1.8448600769043,10.665790844703,10.7191182787133,10.69243793889
409,352.613500033333,3.68511962890625,3.69940185546875,3.6922607421875,1.84255981445313,1.84970092773438,1.84613037109375,10.665790844703,10.7486247539478,10.7071677475542
410,352.6151667,3.68511962890625,3.70745849609375,3.6962890625,1.84255981445313,1.85372924804688,1.84814453125,10.665790844703,10.795492927544,10.7305439027964
411,352.616833366667,3.68348693847656,3.70745849609375,3.69547271728516,1.84174346923828,1.85372924804688,1.84773635864258,10.6563419916004,10.795492927544,10.7258046301409
412,352.618500033333,3.68348693847656,3.71270751953125,3.69809722900391,1.84174346923828,1.85635375976563,1.84904861450195,10.6563419916004,10.826083106342,10.7410448974164
413,352.6201667,3.68435668945313,3.70680236816406,3.69557952880859,1.84217834472656,1.85340118408203,1.8477897644043,10.6613749716213,10.7916721982467,10.7264246623678
414,352.621833366667,3.68435668945313,3.70680236816406,3.69557952880859,1.84217834472656,1.85340118408203,1.8477897644043,10.6613749716213,10.7916721982467,10.7264246623678
415,352.623500033333,3.70620727539063,3.70680236816406,3.70650482177734,1.85310363769531,1.85340118408203,1.85325241088867,10.7882074704297,10.7916721982467,10.7899397648039
416,352.6251667,3.68637084960938,3.71209716796875,3.69923400878906,1.84318542480469,1.85604858398438,1.84961700439453,10.6730348558852,10.8225238851718,10.7476494178697
417,352.626833366667,3.72334289550781,3.71209716796875,3.71772003173828,1.86167144775391,1.85604858398438,1.85886001586914,10.8881964708472,10.8225238851718,10.8553353463923
418,352.628500033333,3.68637084960938,3.71173858642578,3.69905471801758,1.84318542480469,1.85586929321289,1.84952735900879,10.6730348558852,10.8204331156143,10.7466076304865
419,352.6301667,3.73081970214844,3.71138000488281,3.72109985351563,1.86540985107422,1.85569000244141,1.86054992675781,10.9319693277624,10.8183425480309,10.8750817370459
420,352.631833366667,3.69142150878906,3.71138000488281,3.70140075683594,1.84571075439453,1.85569000244141,1.85070037841797,10.7023009235744,10.8183425480309,10.760243521619
421,352.633500033333,3.69142150878906,3.71412658691406,3.70277404785156,1.84571075439453,1.85706329345703,1.85138702392578,10.7023009235744,10.8343605574167,10.7682295182678
422,352.6351667,3.68014526367188,3.71955871582031,3.69985198974609,1.84007263183594,1.85977935791016,1.84992599487305,10.63701580565,10.8660755139463,10.7512406464531
423,352.636833366667,3.68014526367188,3.71955871582031,3.69985198974609,1.84007263183594,1.85977935791016,1.84992599487305,10.63701580565,10.8660755139463,10.7512406464531
424,352.638500033333,3.68373107910156,3.71034240722656,3.69703674316406,1.84186553955078,1.85517120361328,1.84851837158203,10.6577546379628,10.812294383872,10.7348854634798
425,352.6401667,3.71371459960938,3.71034240722656,3.71202850341797,1.85685729980469,1.85517120361328,1.85601425170898,10.8319571005946,10.812294383872,10.8221235094089
426,352.641833366667,3.71711730957031,3.71075439453125,3.71393585205078,1.85855865478516,1.85537719726563,1.85696792602539,10.8518158662604,10.8146956583862,10.8332478127808
427,352.643500033333,3.71371459960938,3.71092224121094,3.71231842041016,1.85685729980469,1.85546112060547,1.85615921020508,10.8319571005946,10.815674031848,10.8238140352318
428,352.6451667,3.68421936035156,3.71075439453125,3.69748687744141,1.84210968017578,1.85537719726563,1.8487434387207,10.6605802115678,10.8146956583862,10.7374996836869
429,352.646833366667,3.68421936035156,3.71145629882813,3.69783782958984,1.84210968017578,1.85572814941406,1.84891891479492,10.6605802115678,10.8187873327294,10.7395381100812
430,352.648500033333,3.68806457519531,3.7005615234375,3.69431304931641,1.84403228759766,1.85028076171875,1.8471565246582,10.6828446909727,10.7553646486801,10.7190740051891
431,352.6501667,3.68806457519531,3.72386169433594,3.70596313476563,1.84403228759766,1.86193084716797,1.85298156738281,10.6828446909727,10.8912309359877,10.786786204554
432,352.651833366667,3.69471740722656,3.72666931152344,3.710693359375,1.84735870361328,1.86333465576172,1.8553466796875,10.7214206279639,10.9076600824076,10.8143398971902
433,352.653500033333,3.70083618164063,3.73063659667969,3.71573638916016,1.85041809082031,1.86531829833984,1.85786819458008,10.7569612489449,10.9308962905175,10.8437543986279
434,352.6551667,3.72257995605469,3.73063659667969,3.72660827636719,1.86128997802734,1.86531829833984,1.86330413818359,10.8837347901432,10.9308962905175,10.907302795388
435,352.656833366667,3.72257995605469,3.73063659667969,3.72660827636719,1.86128997802734,1.86531829833984,1.86330413818359,10.8837347901432,10.9308962905175,10.907302795388
436,352.658500033333,3.69908142089844,3.73797607421875,3.71852874755859,1.84954071044922,1.86898803710938,1.8592643737793,10.7467627871094,10.9739484523614,10.860058583317
437,352.6601667,3.69831848144531,3.71487426757813,3.70659637451172,1.84915924072266,1.85743713378906,1.85329818725586,10.7423301819022,10.8387230674528,10.7904728064358
438,352.661833366667,3.69831848144531,3.71487426757813,3.70659637451172,1.84915924072266,1.85743713378906,1.85329818725586,10.7423301819022,10.8387230674528,10.7904728064358
439,352.663500033333,3.70611572265625,3.71487426757813,3.71049499511719,1.85305786132813,1.85743713378906,1.85524749755859,10.7876744847544,10.8387230674528,10.8131837137162
440,352.6651667,3.72103881835938,3.7318115234375,3.72642517089844,1.86051940917969,1.86590576171875,1.86321258544922,10.8747249839914,10.937782528077,10.9062309694393
441,352.666833366667,3.70611572265625,3.73262023925781,3.71936798095703,1.85305786132813,1.86631011962891,1.85968399047852,10.7876744847544,10.9425236658158,10.8649611418139
442,352.668500033333,3.70146179199219,3.73262023925781,3.717041015625,1.85073089599609,1.86631011962891,1.8585205078125,10.7605983918979,10.9425236658158,10.8513704031337
443,352.6701667,3.70146179199219,3.73825073242188,3.71985626220703,1.85073089599609,1.86912536621094,1.85992813110352,10.7605983918979,10.9755611944643,10.8678140485804
444,352.671833366667,3.71615600585938,3.73825073242188,3.72720336914063,1.85807800292969,1.86912536621094,1.86360168457031,10.8462036990511,10.9755611944643,10.9107865934393
445,352.673500033333,3.71737670898438,3.72705078125,3.72221374511719,1.85868835449219,1.863525390625,1.86110687255859,10.8533305092828,10.9098932588569,10.881593508173
446,352.6751667,3.71615600585938,3.72705078125,3.72160339355469,1.85807800292969,1.863525390625,1.86080169677734,10.8462036990511,10.9098932588569,10.8780251730233
447,352.676833366667,3.71539306640625,3.72705078125,3.72122192382813,1.85769653320313,1.863525390625,1.86061096191406,10.8417506312773,10.9098932588569,10.8757952607099
448,352.678500033333,3.71539306640625,3.72731018066406,3.72135162353516,1.85769653320313,1.86365509033203,1.86067581176758,10.8417506312773,10.9114119494079,10.8765534052496
449,352.6801667,3.71539306640625,3.72700500488281,3.72119903564453,1.85769653320313,1.86350250244141,1.86059951782227,10.8417506312773,10.9096252656139,10.87566147324
450,352.681833366667,3.713134765625,3.72731018066406,3.72022247314453,1.8565673828125,1.86365509033203,1.86011123657227,10.8285749093356,10.9114119494079,10.8699539744254
451,352.683500033333,3.71292114257813,3.71279907226563,3.71286010742188,1.85646057128906,1.85639953613281,1.85643005371094,10.8273289719973,10.8266170399882,10.8269730030669
452,352.6851667,3.713134765625,3.73297119140625,3.72305297851563,1.8565673828125,1.86648559570313,1.86152648925781,10.8285749093356,10.9445814603312,10.8865009244723
453,352.686833366667,3.73912048339844,3.73796081542969,3.73854064941406,1.86956024169922,1.86898040771484,1.86927032470703,10.9806689928704,10.9738588590524,10.9772636619046
454,352.688500033333,3.73912048339844,3.760009765625,3.74956512451172,1.86956024169922,1.8800048828125,1.87478256225586,10.9806689928704,11.1037027526003,11.042100193235
455,352.6901667,3.73912048339844,3.760009765625,3.74956512451172,1.86956024169922,1.8800048828125,1.87478256225586,10.9806689928704,11.1037027526003,11.042100193235
456,352.691833366667,3.71856689453125,3.74249267578125,3.73052978515625,1.85928344726563,1.87124633789063,1.86526489257813,10.860281402884,11.0004841478511,10.9302703764457
457,352.693500033333,3.71351623535156,3.74249267578125,3.72800445556641,1.85675811767578,1.87124633789063,1.8640022277832,10.8307999757328,11.0004841478511,10.9154772000219
458,352.6951667,3.71351623535156,3.77720642089844,3.745361328125,1.85675811767578,1.88860321044922,1.8726806640625,10.8307999757328,11.2055020636702,11.0173545396221
459,352.696833366667,3.71839904785156,3.77720642089844,3.747802734375,1.85919952392578,1.88860321044922,1.8739013671875,10.8593010138869,11.2055020636702,11.0317225017625
460,352.698500033333,3.71839904785156,3.73405456542969,3.72622680664063,1.85919952392578,1.86702728271484,1.86311340332031,10.8593010138869,10.9509350029703,10.9050698840926
461,352.7001667,3.71823120117188,3.73405456542969,3.72614288330078,1.85911560058594,1.86702728271484,1.86307144165039,10.858320669143,10.9509350029703,10.9045786742832
462,352.701833366667,3.71746826171875,3.74676513671875,3.73211669921875,1.85873413085938,1.87338256835938,1.86605834960938,10.8538651144084,11.0256149738509,10.9395715159669
463,352.703500033333,3.71746826171875,3.74676513671875,3.73211669921875,1.85873413085938,1.87338256835938,1.86605834960938,10.8538651144084,11.0256149738509,10.9395715159669
464,352.7051667,3.71807861328125,3.74676513671875,3.732421875,1.85903930664063,1.87338256835938,1.8662109375,10.8574294850502,11.0256149738509,10.9413606501487
465,352.706833366667,3.73808288574219,3.74847412109375,3.74327850341797,1.86904144287109,1.87423706054688,1.87163925170898,10.9745756157653,11.0356753327452,11.0051042728693
466,352.708500033333,3.75538635253906,3.74899291992188,3.75218963623047,1.87769317626953,1.87449645996094,1.87609481811523,11.0764126948084,11.0387302780074,11.0575634604279
467,352.7101667,3.75538635253906,3.74899291992188,3.75218963623047,1.87769317626953,1.87449645996094,1.87609481811523,11.0764126948084,11.0387302780074,11.0575634604279
468,352.711833366667,3.73457336425781,3.76138305664063,3.74797821044922,1.86728668212891,1.88069152832031,1.87398910522461,10.953978197343,11.1118151782868,11.0327555596964
469,352.713500033333,3.73457336425781,3.76344299316406,3.74900817871094,1.86728668212891,1.88172149658203,1.87450408935547,10.953978197343,11.1239893713337,11.0388201357389
470,352.7151667,3.74269104003906,3.76344299316406,3.75306701660156,1.87134552001953,1.88172149658203,1.87653350830078,11.0016503014775,11.1239893713337,11.0627352797406
471,352.716833366667,3.74269104003906,3.75190734863281,3.74729919433594,1.87134552001953,1.87595367431641,1.87364959716797,11.0016503014775,11.0558997408873,11.0287583431848
472,352.718500033333,3.74137878417969,3.75190734863281,3.74664306640625,1.87068939208984,1.87595367431641,1.87332153320313,10.9939368947432,11.0558997408873,11.0248965523372
473,352.7201667,3.73849487304688,3.75190734863281,3.74520111083984,1.86924743652344,1.87595367431641,1.87260055541992,10.9769948424787,11.0558997408873,11.0164119694802
474,352.721833366667,3.73849487304688,3.74833679199219,3.74341583251953,1.86924743652344,1.87416839599609,1.87170791625977,10.9769948424787,11.0348667415327,11.0059117729277
475,352.723500033333,3.72512817382813,3.74824523925781,3.73668670654297,1.86256408691406,1.87412261962891,1.86834335327148,10.8986403766892,11.0343276971822,10.9663791079936
476,352.7251667,3.74807739257813,3.74833679199219,3.74820709228516,1.87403869628906,1.87416839599609,1.87410354614258,11.033339483402,11.0348667415327,11.0341030992554
477,352.726833366667,3.74537658691406,3.74824523925781,3.74681091308594,1.87268829345703,1.87412261962891,1.87340545654297,11.0174443103099,11.0343276971822,11.025884387953
478,352.728500033333,3.74537658691406,3.77952575683594,3.762451171875,1.87268829345703,1.88976287841797,1.8812255859375,11.0174443103099,11.2192674235213,11.118126890795
479,352.7301667,3.74537658691406,3.72677612304688,3.73607635498047,1.87268829345703,1.86338806152344,1.86803817749023,11.0174443103099,10.9082853487725,10.9627968970658
480,352.731833366667,3.74302673339844,3.72677612304688,3.73490142822266,1.87151336669922,1.86338806152344,1.86745071411133,11.0036239330357,10.9082853487725,10.9559027884585
481,352.733500033333,3.73184204101563,3.72677612304688,3.72930908203125,1.86592102050781,1.86338806152344,1.86465454101563,10.9379614202828,10.9082853487725,10.9231183455063
482,352.7351667,3.73184204101563,3.77473449707031,3.75328826904297,1.86592102050781,1.88736724853516,1.87664413452148,10.9379614202828,11.1908403900041,11.0640396685651
483,352.736833366667,3.74203491210938,3.77473449707031,3.75838470458984,1.87101745605469,1.88736724853516,1.87919235229492,10.9977932599934,11.1908403900041,11.0941068757278
484,352.738500033333,3.74688720703125,3.70651245117188,3.72669982910156,1.87344360351563,1.85325622558594,1.86334991455078,11.0263334187713,10.789984184437,10.9078387281118
485,352.7401667,3.74203491210938,3.70651245117188,3.72427368164063,1.87101745605469,1.85325622558594,1.86213684082031,10.9977932599934,10.789984184437,10.8936409594834
486,352.741833366667,3.74058532714844,3.77886962890625,3.75972747802734,1.87029266357422,1.88943481445313,1.87986373901367,10.9892742866297,11.2153724185815,11.1020355654867
487,352.743500033333,3.73590087890625,3.77886962890625,3.75738525390625,1.86795043945313,1.88943481445313,1.87869262695313,10.9617671197258,11.2153724185815,11.0882072463503
488,352.7451667,3.73590087890625,3.76719665527344,3.75154876708984,1.86795043945313,1.88359832763672,1.87577438354492,10.9617671197258,11.1461905956238,11.0537865479043
489,352.746833366667,3.73727416992188,3.76719665527344,3.75223541259766,1.86863708496094,1.88359832763672,1.87611770629883,10.9698275386746,11.1461905956238,11.0578332645806
490,352.748500033333,3.74754333496094,3.78245544433594,3.76499938964844,1.87377166748047,1.89122772216797,1.88249969482422,11.0301954612408,11.2366673243427,11.1331920710973
491,352.7501667,3.74673461914063,3.78245544433594,3.76459503173828,1.87336730957031,1.89122772216797,1.88229751586914,11.0254353662781,11.2366673243427,11.1308008077431
492,352.751833366667,3.74754333496094,3.78245544433594,3.76499938964844,1.87377166748047,1.89122772216797,1.88249969482422,11.0301954612408,11.2366673243427,11.1331920710973
493,352.753500033333,3.74673461914063,3.71710205078125,3.73191833496094,1.87336730957031,1.85855102539063,1.86595916748047,11.0254353662781,10.8517267729036,10.9384086571977
494,352.7551667,3.74617004394531,3.78131103515625,3.76374053955078,1.87308502197266,1.89065551757813,1.88187026977539,11.022112890055,11.2298688834461,11.1257484168107
495,352.756833366667,3.74617004394531,3.78131103515625,3.76374053955078,1.87308502197266,1.89065551757813,1.88187026977539,11.022112890055,11.2298688834461,11.1257484168107
496,352.758500033333,3.74722290039063,3.78131103515625,3.76426696777344,1.87361145019531,1.89065551757813,1.88213348388672,11.0283092629931,11.2298688834461,11.1288609148702
497,352.7601667,3.74722290039063,3.75297546386719,3.75009918212891,1.87361145019531,1.87648773193359,1.87504959106445,11.0283092629931,11.0621955551332,11.0452459114668
498,352.761833366667,3.75088500976563,3.74423217773438,3.74755859375,1.87544250488281,1.87211608886719,1.873779296875,11.0498754257675,11.0107125236183,11.030285284228
499,352.763500033333,3.74620056152344,3.74423217773438,3.74521636962891,1.87310028076172,1.87211608886719,1.87260818481445,11.0222924705638,11.0107125236183,11.0165017363279
500,352.7651667,3.74620056152344,3.75018310546875,3.74819183349609,1.87310028076172,1.87509155273438,1.87409591674805,11.0222924705638,11.0457402793506,11.0340132607247
501,352.766833366667,3.74183654785156,3.75154113769531,3.74668884277344,1.87091827392578,1.87577056884766,1.87334442138672,10.9966273108098,11.0537415885458,11.0251659576618
502,352.768500033333,3.74183654785156,3.75018310546875,3.74600982666016,1.87091827392578,1.87509155273438,1.87300491333008,10.9966273108098,11.0457402793506,11.0211701163847
503,352.7701667,3.74583435058594,3.74191284179688,3.74387359619141,1.87291717529297,1.87095642089844,1.8719367980957,11.0201376010106,10.9970757454889,11.0086036537411
504,352.771833366667,3.74659729003906,3.74191284179688,3.74425506591797,1.87329864501953,1.87095642089844,1.87212753295898,11.0246271503041,10.9970757454889,11.0108471391913
505,352.773500033333,3.74659729003906,3.78492736816406,3.76576232910156,1.87329864501953,1.89246368408203,1.88288116455078,11.0246271503041,11.251358977589,11.1377045882047
506,352.7751667,3.75848388671875,3.78492736816406,3.77170562744141,1.87924194335938,1.89246368408203,1.8858528137207,11.0946924207124,11.251358977589,11.1728884002202
507,352.776833366667,3.76327514648438,3.78492736816406,3.77410125732422,1.88163757324219,1.89246368408203,1.88705062866211,11.1229971506208,11.251358977589,11.1870860117677
508,352.778500033333,3.75848388671875,3.7515869140625,3.75503540039063,1.87924194335938,1.87579345703125,1.87751770019531,11.0946924207124,11.054011346068,11.0743425433897
509,352.7801667,3.74845886230469,3.78109741210938,3.76477813720703,1.87422943115234,1.89054870605469,1.88238906860352,11.0355854878142,11.2286000689948,11.1318836121605
510,352.781833366667,3.73948669433594,3.78109741210938,3.76029205322266,1.86974334716797,1.89054870605469,1.88014602661133,10.9828200003199,11.2286000689948,11.1053700648848
511,352.783500033333,3.73948669433594,3.78109741210938,3.76029205322266,1.86974334716797,1.89054870605469,1.88014602661133,10.9828200003199,11.2286000689948,11.1053700648848
512,352.7851667,3.75395202636719,3.78302001953125,3.76848602294922,1.87697601318359,1.89151000976563,1.88424301147461,11.0679532964062,11.2400219796433,11.1538217328284
513,352.786833366667,3.75395202636719,3.77989196777344,3.76692199707031,1.87697601318359,1.88994598388672,1.88346099853516,11.0679532964062,11.2214416738132,11.1445653653207
514,352.788500033333,3.75395202636719,3.78445434570313,3.76920318603516,1.87697601318359,1.89222717285156,1.88460159301758,11.0679532964062,11.2485468692306,11.1580674008775
515,352.7901667,3.74430847167969,3.78445434570313,3.76438140869141,1.87215423583984,1.89222717285156,1.8821907043457,11.0111612453951,11.2485468692306,11.1295376024855
516,352.791833366667,3.75505065917969,3.796630859375,3.77584075927734,1.87752532958984,1.8983154296875,1.88792037963867,11.0744325459501,11.3210479064698,11.1974007549268
517,352.793500033333,3.76924133300781,3.796630859375,3.78293609619141,1.88462066650391,1.8983154296875,1.8914680480957,11.1582932569139,11.3210479064698,11.2395232829848
518,352.7951667,3.76924133300781,3.79347229003906,3.78135681152344,1.88462066650391,1.89673614501953,1.89067840576172,11.1582932569139,11.3022188753079,11.2301407815831
519,352.796833366667,3.76924133300781,3.79347229003906,3.78135681152344,1.88462066650391,1.89673614501953,1.89067840576172,11.1582932569139,11.3022188753079,11.2301407815831
520,352.798500033333,3.7445068359375,3.79347229003906,3.76898956298828,1.87225341796875,1.89673614501953,1.88449478149414,11.012327964805,11.3022188753079,11.1568026493156
521,352.8001667,3.75379943847656,3.80075073242188,3.77727508544922,1.87689971923828,1.90037536621094,1.88863754272461,11.0670535505853,11.3456310634855,11.2059094693946
522,352.801833366667,3.75379943847656,3.77481079101563,3.76430511474609,1.87689971923828,1.88740539550781,1.88215255737305,11.0670535505853,11.1912927672474,11.1290864751228
523,352.803500033333,3.75379943847656,3.73722839355469,3.74551391601563,1.87689971923828,1.86861419677734,1.87275695800781,11.0670535505853,10.9695588103152,11.0182522629587
524,352.8051667,3.74298095703125,3.73722839355469,3.74010467529297,1.87149047851563,1.86861419677734,1.87005233764648,11.0033547910363,10.9695588103152,10.9864503030794
525,352.806833366667,3.74298095703125,3.79417419433594,3.76857757568359,1.87149047851563,1.89708709716797,1.8842887878418,11.0033547910363,11.3064017501586,11.1543636880202
526,352.808500033333,3.75436401367188,3.80375671386719,3.77906036376953,1.87718200683594,1.90187835693359,1.88953018188477,11.0703827928045,11.3635844866091,11.2165046177422
527,352.8101667,3.75534057617188,3.80378723144531,3.77956390380859,1.87767028808594,1.90189361572266,1.8897819519043,11.0761426640863,11.3637668276443,11.2194938980977
528,352.811833366667,3.75436401367188,3.80378723144531,3.77907562255859,1.87718200683594,1.90189361572266,1.8895378112793,11.0703827928045,11.3637668276443,11.2165951961437
529,352.813500033333,3.75534057617188,3.79447937011719,3.77490997314453,1.87767028808594,1.89723968505859,1.88745498657227,11.0761426640863,11.3082206327795,11.1918808713329
530,352.8151667,3.75566101074219,3.79447937011719,3.77507019042969,1.87783050537109,1.89723968505859,1.88753509521484,11.0780329482642,11.3082206327795,11.1928309182661
531,352.816833366667,3.75694274902344,3.77279663085938,3.76486968994141,1.87847137451172,1.88639831542969,1.8824348449707,11.0855956978431,11.1793530735684,11.1324250341186
532,352.818500033333,3.75694274902344,3.79762268066406,3.77728271484375,1.87847137451172,1.89881134033203,1.88864135742188,11.0855956978431,11.3269636372266,11.2059547371544
533,352.8201667,3.75694274902344,3.79867553710938,3.77780914306641,1.87847137451172,1.89933776855469,1.8889045715332,11.0855956978431,11.3332451037206,11.2090784333946
534,352.821833366667,3.77250671386719,3.80606079101563,3.78928375244141,1.88625335693359,1.90303039550781,1.8946418762207,11.1776350059354,11.3773553490436,11.2772741122355
535,352.823500033333,3.74334716796875,3.80606079101563,3.77470397949219,1.87167358398438,1.90303039550781,1.88735198974609,11.0055080191955,11.3773553490436,11.1906594416669
536,352.8251667,3.77371215820313,3.80751037597656,3.79061126708984,1.88685607910156,1.90375518798828,1.89530563354492,11.1847794170831,11.3860234102175,11.2851771197361
537,352.826833366667,3.77371215820313,3.80177307128906,3.78774261474609,1.88685607910156,1.90088653564453,1.89387130737305,11.1847794170831,11.351735457278,11.2681028286376
538,352.828500033333,3.77371215820313,3.80177307128906,3.78774261474609,1.88685607910156,1.90088653564453,1.89387130737305,11.1847794170831,11.351735457278,11.2681028286376
539,352.8301667,3.75291442871094,3.77671813964844,3.76481628417969,1.87645721435547,1.88835906982422,1.88240814208984,11.0618357460428,11.202605169883,11.132109203043
540,352.831833366667,3.75291442871094,3.76763916015625,3.76027679443359,1.87645721435547,1.88381958007813,1.8801383972168,11.0618357460428,11.1488092714679,11.1052799366963
541,352.833500033333,3.7568359375,3.77671813964844,3.76677703857422,1.87841796875,1.88835906982422,1.88338851928711,11.0849653701474,11.202605169883,11.1437076526564
542,352.8351667,3.7568359375,3.80673217773438,3.78178405761719,1.87841796875,1.90336608886719,1.89089202880859,11.0849653701474,11.3813696196598,11.2326786562558
543,352.836833366667,3.7535400390625,3.81562805175781,3.78458404541016,1.87677001953125,1.90781402587891,1.89229202270508,11.0655240666248,11.4346255498917,11.2493178962269
544,352.838500033333,3.7535400390625,3.81562805175781,3.78458404541016,1.87677001953125,1.90781402587891,1.89229202270508,11.0655240666248,11.4346255498917,11.2493178962269
545,352.8401667,3.74212646484375,3.81924438476563,3.78068542480469,1.87106323242188,1.90962219238281,1.89034271240234,10.9983314112324,11.4563105826232,11.2261532721274
546,352.841833366667,3.74212646484375,3.82366943359375,3.78289794921875,1.87106323242188,1.91183471679688,1.89144897460938,10.9983314112324,11.4828729580813,11.2392966063428
547,352.843500033333,3.74212646484375,3.82615661621094,3.78414154052734,1.87106323242188,1.91307830810547,1.89207077026367,10.9983314112324,11.4978163475277,11.2466874422465
548,352.8451667,3.7523193359375,3.82366943359375,3.78799438476563,1.87615966796875,1.91183471679688,1.89399719238281,11.0583279140761,11.4828729580813,11.2696008526821
549,352.846833366667,3.7523193359375,3.77377319335938,3.76304626464844,1.87615966796875,1.88688659667969,1.88152313232422,11.0583279140761,11.1851412201308,11.1216441936933
550,352.848500033333,3.7474365234375,3.77113342285156,3.75928497314453,1.87371826171875,1.88556671142578,1.87964248657227,11.0295667105709,11.1694985847351,11.0994223889345
551,352.8501667,3.7474365234375,3.77377319335938,3.76060485839844,1.87371826171875,1.88688659667969,1.88030242919922,11.0295667105709,11.1851412201308,11.1072177733464
552,352.851833366667,3.744140625,3.77635192871094,3.76024627685547,1.8720703125,1.88817596435547,1.88012313842773,11.0101740695552,11.2004327453128,11.1050996814166
553,352.853500033333,3.74650573730469,3.816162109375,3.78133392333984,1.87325286865234,1.9080810546875,1.89066696166992,11.0240883561125,11.4378266880319,11.2300048321032
554,352.8551667,3.74650573730469,3.816162109375,3.78133392333984,1.87325286865234,1.9080810546875,1.89066696166992,11.0240883561125,11.4378266880319,11.2300048321032
555,352.856833366667,3.75686645507813,3.802978515625,3.77992248535156,1.87843322753906,1.9014892578125,1.88996124267578,11.0851454619461,11.358935284494,11.2216228708465
556,352.858500033333,3.75686645507813,3.7923583984375,3.77461242675781,1.87843322753906,1.89617919921875,1.88730621337891,11.0851454619461,11.2955824233302,11.1901166054327
557,352.8601667,3.74169921875,3.7923583984375,3.76702880859375,1.870849609375,1.89617919921875,1.88351440429688,10.9958201514283,11.2955824233302,11.1451973852469
558,352.861833366667,3.74169921875,3.80868530273438,3.77519226074219,1.870849609375,1.90434265136719,1.88759613037109,10.9958201514283,11.3930515237666,11.1935547906126
559,352.863500033333,3.77247619628906,3.80868530273438,3.79058074951172,1.88623809814453,1.90434265136719,1.89529037475586,11.1774541643912,11.3930515237666,11.2849954103157
560,352.8651667,3.77247619628906,3.80868530273438,3.79058074951172,1.88623809814453,1.90434265136719,1.89529037475586,11.1774541643912,11.3930515237666,11.2849954103157
561,352.866833366667,3.75863647460938,3.81842041015625,3.78852844238281,1.87931823730469,1.90921020507813,1.89426422119141,11.0955932893229,11.4513678820199,11.2727788090567
562,352.868500033333,3.75679016113281,3.81842041015625,3.78760528564453,1.87839508056641,1.90921020507813,1.89380264282227,11.0846952351923,11.4513678820199,11.2672857665809
563,352.8701667,3.75679016113281,3.80924987792969,3.78302001953125,1.87839508056641,1.90462493896484,1.89151000976563,11.0846952351923,11.3964294405618,11.2400219796433
564,352.871833366667,3.76437377929688,3.80924987792969,3.78681182861328,1.88218688964844,1.90462493896484,1.89340591430664,11.1294924893378,11.3964294405618,11.2625655436332
565,352.873500033333,3.76437377929688,3.81619262695313,3.790283203125,1.88218688964844,1.90809631347656,1.8951416015625,11.1294924893378,11.4380096237433,11.2832238201333
566,352.8751667,3.76429748535156,3.81619262695313,3.79024505615234,1.88214874267578,1.90809631347656,1.89512252807617,11.1290413628894,11.4380096237433,11.2829967032444
567,352.876833366667,3.74417114257813,3.81619262695313,3.78018188476563,1.87208557128906,1.90809631347656,1.89009094238281,11.01035355278,11.4380096237433,11.2231631046949
568,352.878500033333,3.76429748535156,3.82554626464844,3.794921875,1.88214874267578,1.91277313232422,1.8974609375,11.1290413628894,11.4941483583984,11.3108582724306
569,352.8801667,3.76170349121094,3.82554626464844,3.79362487792969,1.88085174560547,1.91277313232422,1.89681243896484,11.1137085038714,11.4941483583984,11.3031281300963
570,352.881833366667,3.7757568359375,3.81553649902344,3.79564666748047,1.88787841796875,1.90776824951172,1.89782333374023,11.1969030046849,11.4340768283381,11.3151792087578
571,352.883500033333,3.76170349121094,3.81553649902344,3.78861999511719,1.88085174560547,1.90776824951172,1.89430999755859,11.1137085038714,11.4340768283381,11.2733236465628
572,352.8851667,3.75732421875,3.82621765136719,3.79177093505859,1.878662109375,1.91310882568359,1.8958854675293,11.0878470144766,11.4981831786249,11.2920831617319
573,352.886833366667,3.74798583984375,3.82809448242188,3.78804016113281,1.87399291992188,1.91404724121094,1.89402008056641,11.0328004763559,11.509466091392,11.2698732313877
574,352.888500033333,3.74798583984375,3.85040283203125,3.7991943359375,1.87399291992188,1.92520141601563,1.89959716796875,11.0328004763559,11.6440005576469,11.3363409594868
575,352.8901667,3.75634765625,3.85040283203125,3.80337524414063,1.878173828125,1.92520141601563,1.90168762207031,11.0820841003252,11.6440005576469,11.3613053471023
576,352.891833366667,3.75634765625,3.81919860839844,3.78777313232422,1.878173828125,1.90959930419922,1.89388656616211,11.0820841003252,11.4560359601669,11.2682844020066
577,352.893500033333,3.75634765625,3.81919860839844,3.78777313232422,1.878173828125,1.90959930419922,1.89388656616211,11.0820841003252,11.4560359601669,11.2682844020066
578,352.8951667,3.746337890625,3.80169677734375,3.77401733398438,1.8731689453125,1.90084838867188,1.88700866699219,11.0231006009571,11.3512798488144,11.1865884908383
579,352.896833366667,3.746337890625,3.82070922851563,3.78352355957031,1.8731689453125,1.91035461425781,1.89176177978516,11.0231006009571,11.4651002391705,11.2430143919235
580,352.898500033333,3.746337890625,3.80169677734375,3.77401733398438,1.8731689453125,1.90084838867188,1.88700866699219,11.0231006009571,11.3512798488144,11.1865884908383
581,352.9001667,3.74360656738281,3.78555297851563,3.76457977294922,1.87180328369141,1.89277648925781,1.88228988647461,11.0070333499316,11.2550787574928,11.1307105764188
582,352.901833366667,3.74649047851563,3.78555297851563,3.76602172851563,1.87324523925781,1.89277648925781,1.88301086425781,11.0239985583607,11.2550787574928,11.1392390523041
583,352.903500033333,3.74649047851563,3.82395935058594,3.78522491455078,1.87324523925781,1.91197967529297,1.89261245727539,11.0239985583607,11.4846143252448,11.2531280645357
584,352.9051667,3.74649047851563,3.82896423339844,3.78772735595703,1.87324523925781,1.91448211669922,1.89386367797852,11.0239985583607,11.5146966344766,11.2680120425017
585,352.906833366667,3.75607299804688,3.82395935058594,3.79001617431641,1.87803649902344,1.91197967529297,1.8950080871582,11.0804635506285,11.4846143252448,11.281634049913
586,352.908500033333,3.75732421875,3.81671142578125,3.78701782226563,1.878662109375,1.90835571289063,1.89350891113281,11.0878470144766,11.4411197546642,11.2637908910853
587,352.9101667,3.7613525390625,3.79486083984375,3.77810668945313,1.88067626953125,1.89743041992188,1.88905334472656,11.1116348699762,11.3104944417785,11.2108441933914
588,352.911833366667,3.7613525390625,3.81671142578125,3.78903198242188,1.88067626953125,1.90835571289063,1.89451599121094,11.1116348699762,11.4411197546642,11.2757755782727
589,352.913500033333,3.75115966796875,3.83529663085938,3.79322814941406,1.87557983398438,1.91764831542969,1.89661407470703,11.0514937371995,11.5528144782378,11.3007641437182
590,352.9151667,3.75115966796875,3.83529663085938,3.79322814941406,1.87557983398438,1.91764831542969,1.89661407470703,11.0514937371995,11.5528144782378,11.3007641437182
591,352.916833366667,3.76461791992188,3.83541870117188,3.80001831054688,1.88230895996094,1.91770935058594,1.90000915527344,11.1309361554151,11.5535498988596,11.3412587758536
592,352.918500033333,3.76832580566406,3.84097290039063,3.80464935302734,1.88416290283203,1.92048645019531,1.90232467651367,11.1528733429242,11.5870362985025,11.3689185663035
593,352.9201667,3.76832580566406,3.85755920410156,3.81294250488281,1.88416290283203,1.92877960205078,1.90647125244141,11.1528733429242,11.6873239404797,11.4185351889664
594,352.921833366667,3.76832580566406,3.84097290039063,3.80464935302734,1.88416290283203,1.92048645019531,1.90232467651367,11.1528733429242,11.5870362985025,11.3689185663035
595,352.923500033333,3.76834106445313,3.85755920410156,3.81295013427734,1.88417053222656,1.92877960205078,1.90647506713867,11.152963664035,11.6873239404797,11.4185808841726
596,352.9251667,3.76728820800781,3.85089111328125,3.80908966064453,1.88364410400391,1.92544555664063,1.90454483032227,11.1467323653907,11.6469539668854,11.3954707916702
597,352.926833366667,3.76834106445313,3.85089111328125,3.80961608886719,1.88417053222656,1.92544555664063,1.90480804443359,11.152963664035,11.6469539668854,11.3986207894403
598,352.928500033333,3.76728820800781,3.84542846679688,3.80635833740234,1.88364410400391,1.92271423339844,1.90317916870117,11.1467323653907,11.6139340428101,11.3791343134304
599,352.9301667,3.77487182617188,3.84129333496094,3.80808258056641,1.88743591308594,1.92064666748047,1.9040412902832,11.1916546756252,11.5889696846358,11.3894459219217
600,352.931833366667,3.75785827636719,3.83041381835938,3.79413604736328,1.87892913818359,1.91520690917969,1.89706802368164,11.0909992417795,11.5234168468513,11.3061744001171
601,352.933500033333,3.75914001464844,3.82987976074219,3.79450988769531,1.87957000732422,1.91493988037109,1.89725494384766,11.0985664152227,11.520203753013,11.3084025290876
602,352.9351667,3.75914001464844,3.82276916503906,3.79095458984375,1.87957000732422,1.91138458251953,1.89547729492188,11.0985664152227,11.4774663963277,11.2872214515193
603,352.936833366667,3.75914001464844,3.81617736816406,3.78765869140625,1.87957000732422,1.90808868408203,1.89382934570313,11.0985664152227,11.4379181557048,11.2676035094161
604,352.938500033333,3.76055908203125,3.81414794921875,3.787353515625,1.88027954101563,1.90707397460938,1.8936767578125,11.1069473673858,11.4257561655891,11.2657878964171
605,352.9401667,3.76760864257813,3.81414794921875,3.79087829589844,1.88380432128906,1.90707397460938,1.89543914794922,11.1486286632591,11.4257561655891,11.2867671395668
606,352.941833366667,3.76760864257813,3.81539916992188,3.79150390625,1.88380432128906,1.90769958496094,1.895751953125,11.1486286632591,11.4332537706944,11.2904927674856
607,352.943500033333,3.73812866210938,3.8167724609375,3.77745056152344,1.86906433105469,1.90838623046875,1.88872528076172,10.9748444055672,11.4414856802151,11.206950651004
608,352.9451667,3.73812866210938,3.81539916992188,3.77676391601563,1.86906433105469,1.90769958496094,1.88838195800781,10.9748444055672,11.4332537706944,11.2028767377663
609,352.946833366667,3.74757385253906,3.81793212890625,3.78275299072266,1.87378692626953,1.90896606445313,1.89137649536133,11.030375107581,11.4484393774987,11.2384352559499
610,352.948500033333,3.74757385253906,3.80648803710938,3.77703094482422,1.87378692626953,1.90324401855469,1.88851547241211,11.030375107581,11.3799098029669,11.204460949355
611,352.9501667,3.74757385253906,3.8153076171875,3.78144073486328,1.87378692626953,1.90765380859375,1.89072036743164,11.030375107581,11.4327050820565,11.23063927005
612,352.951833366667,3.76692199707031,3.81486511230469,3.7908935546875,1.88346099853516,1.90743255615234,1.89544677734375,11.1445653653207,11.4300532725808,11.2868580012259
613,352.953500033333,3.77607727050781,3.81486511230469,3.79547119140625,1.88803863525391,1.90743255615234,1.89773559570313,11.1988035651309,11.4300532725808,11.3141330116252
614,352.9551667,3.77607727050781,3.81434631347656,3.79521179199219,1.88803863525391,1.90717315673828,1.89760589599609,11.1988035651309,11.4269446462712,11.3125865479402
615,352.956833366667,3.75579833984375,3.80964660644531,3.78272247314453,1.87789916992188,1.90482330322266,1.89136123657227,11.0788431194282,11.3988034113558,11.2382539232309
616,352.958500033333,3.75471496582031,3.80535888671875,3.78003692626953,1.87735748291016,1.90267944335938,1.89001846313477,11.0724525741049,11.3731593686414,11.2223023727505
617,352.9601667,3.74288940429688,3.80535888671875,3.77412414550781,1.87144470214844,1.90267944335938,1.88706207275391,11.0028165169122,11.3731593686414,11.187221701214
618,352.961833366667,3.74288940429688,3.81285095214844,3.77787017822266,1.87144470214844,1.90642547607422,1.88893508911133,11.0028165169122,11.4179868536232,11.2094406292358
619,352.963500033333,3.76118469238281,3.81546020507813,3.78832244873047,1.88059234619141,1.90773010253906,1.89416122436523,11.1106432004178,11.4336195704343,11.2715529728071
620,352.9651667,3.76570129394531,3.81753540039063,3.79161834716797,1.88285064697266,1.90876770019531,1.89580917358398,11.137343553189,11.4460602433354,11.2911743513049
621,352.966833366667,3.76118469238281,3.81793212890625,3.78955841064453,1.88059234619141,1.90896606445313,1.89477920532227,11.1106432004178,11.4484393774987,11.2789089901176
622,352.968500033333,3.75321960449219,3.82208251953125,3.78765106201172,1.87660980224609,1.91104125976563,1.89382553100586,11.0636348500113,11.4733436033397,11.2675581173082
623,352.9701667,3.75321960449219,3.82208251953125,3.78765106201172,1.87660980224609,1.91104125976563,1.89382553100586,11.0636348500113,11.4733436033397,11.2675581173082
624,352.971833366667,3.75637817382813,3.81137084960938,3.78387451171875,1.87818908691406,1.90568542480469,1.89193725585938,11.0822641687172,11.4091239259095,11.2451002481335
625,352.973500033333,3.75637817382813,3.81031799316406,3.78334808349609,1.87818908691406,1.90515899658203,1.89167404174805,11.0822641687172,11.4028214636152,11.2419715363701
626,352.9751667,3.75244140625,3.80802917480469,3.78023529052734,1.876220703125,1.90401458740234,1.89011764526367,11.0590474240009,11.389126465735,11.2234802247842
627,352.976833366667,3.74259948730469,3.81031799316406,3.77645874023438,1.87129974365234,1.90515899658203,1.88822937011719,11.0011120690465,11.4028214636152,11.2010663473848
628,352.978500033333,3.74259948730469,3.81256103515625,3.77758026123047,1.87129974365234,1.90628051757813,1.88879013061523,11.0011120690465,11.4162505452304,11.2077202511066
629,352.9801667,3.74259948730469,3.81526184082031,3.7789306640625,1.87129974365234,1.90763092041016,1.88946533203125,11.0011120690465,11.4324307426748,11.2157347160955
630,352.981833366667,3.75114440917969,3.81526184082031,3.783203125,1.87557220458984,1.90763092041016,1.8916015625,11.0514038279002,11.4324307426748,11.2411100834814
631,352.983500033333,3.74029541015625,3.81526184082031,3.77777862548828,1.87014770507813,1.90763092041016,1.88888931274414,10.987570888042,11.4324307426748,11.2088973376684
632,352.9851667,3.75125122070313,3.81401062011719,3.78263092041016,1.87562561035156,1.90700531005859,1.89131546020508,11.0520332006761,11.4249334074779,11.2377099338516
633,352.986833366667,3.76730346679688,3.81401062011719,3.79065704345703,1.88365173339844,1.90700531005859,1.89532852172852,11.1468226616319,11.4249334074779,11.2854496866096
634,352.988500033333,3.76985168457031,3.81401062011719,3.79193115234375,1.88492584228516,1.90700531005859,1.89596557617188,11.1619072643661,11.4249334074779,11.2930374520419
635,352.9901667,3.76730346679688,3.81422424316406,3.79076385498047,1.88365173339844,1.90711212158203,1.89538192749023,11.1468226616319,11.4262132662291,11.2860856887817
636,352.991833366667,3.75027465820313,3.81422424316406,3.78224945068359,1.87513732910156,1.90711212158203,1.8911247253418,11.046279602387,11.4262132662291,11.2354434531578
637,352.993500033333,3.74259948730469,3.81834411621094,3.78047180175781,1.87129974365234,1.90917205810547,1.89023590087891,11.0011120690465,11.4509102785017,11.2248846676049
638,352.9951667,3.74778747558594,3.81358337402344,3.78068542480469,1.87389373779297,1.90679168701172,1.89034271240234,11.0316326729236,11.4223739050243,11.2261532721274
639,352.996833366667,3.74778747558594,3.81358337402344,3.78068542480469,1.87389373779297,1.90679168701172,1.89034271240234,11.0316326729236,11.4223739050243,11.2261532721274
640,352.998500033333,3.74778747558594,3.81227111816406,3.780029296875,1.87389373779297,1.90613555908203,1.8900146484375,11.0316326729236,11.414514368866,11.2222570719836
641,353.0001667,3.73670959472656,3.81227111816406,3.77449035644531,1.86835479736328,1.90613555908203,1.88724517822266,10.9665134522867,11.414514368866,11.189392844268
642,353.001833366667,3.73670959472656,3.81227111816406,3.77449035644531,1.86835479736328,1.90613555908203,1.88724517822266,10.9665134522867,11.414514368866,11.189392844268
643,353.003500033333,3.7667236328125,3.81805419921875,3.79238891601563,1.88336181640625,1.90902709960938,1.89619445800781,11.1433916615741,11.449171468519,11.2957642179655
644,353.0051667,3.7667236328125,3.80972290039063,3.78822326660156,1.88336181640625,1.90486145019531,1.89411163330078,11.1433916615741,11.3992599725448,11.270962779126
645,353.006833366667,3.76400756835938,3.81376647949219,3.78888702392578,1.88200378417969,1.90688323974609,1.89444351196289,11.1273271657719,11.4234707995373,11.2749128311587
646,353.008500033333,3.76225280761719,3.81089782714844,3.78657531738281,1.88112640380859,1.90544891357422,1.89328765869141,11.1169545801121,11.4062921694641,11.261158745423
647,353.0101667,3.74887084960938,3.81376647949219,3.78131866455078,1.87443542480469,1.90688323974609,1.89065933227539,11.0380114293216,11.4234707995373,11.2299141995737
648,353.011833366667,3.74952697753906,3.81153869628906,3.78053283691406,1.87476348876953,1.90576934814453,1.89026641845703,11.0418755162192,11.4101288271963,11.2252471187253
649,353.013500033333,3.74952697753906,3.81153869628906,3.78053283691406,1.87476348876953,1.90576934814453,1.89026641845703,11.0418755162192,11.4101288271963,11.2252471187253
650,353.0151667,3.74952697753906,3.81153869628906,3.78053283691406,1.87476348876953,1.90576934814453,1.89026641845703,11.0418755162192,11.4101288271963,11.2252471187253
651,353.016833366667,3.7491455078125,3.81369018554688,3.78141784667969,1.87457275390625,1.90684509277344,1.89070892333984,11.0396288717803,11.4230137537566,11.2305033175528
652,353.018500033333,3.7491455078125,3.81587219238281,3.78250885009766,1.87457275390625,1.90793609619141,1.89125442504883,11.0396288717803,11.4360888717363,11.23698463516
653,353.0201667,3.75201416015625,3.818603515625,3.78530883789063,1.87600708007813,1.9093017578125,1.89265441894531,11.0565292416685,11.4524661677679,11.253627062921
654,353.021833366667,3.75201416015625,3.818603515625,3.78530883789063,1.87600708007813,1.9093017578125,1.89265441894531,11.0565292416685,11.4524661677679,11.253627062921
655,353.023500033333,3.75201416015625,3.818603515625,3.78530883789063,1.87600708007813,1.9093017578125,1.89265441894531,11.0565292416685,11.4524661677679,11.253627062921
656,353.0251667,3.75511169433594,3.82040405273438,3.78775787353516,1.87755584716797,1.91020202636719,1.89387893676758,11.074792559849,11.4632687827687,11.2681936151393
657,353.026833366667,3.7679443359375,3.82040405273438,3.79417419433594,1.88397216796875,1.91020202636719,1.89708709716797,11.1506154340161,11.4632687827687,11.3064017501586
658,353.028500033333,3.7679443359375,3.82502746582031,3.79648590087891,1.88397216796875,1.91251373291016,1.89824295043945,11.1506154340161,11.4910310277262,11.3201834290894
659,353.0301667,3.74897766113281,3.82395935058594,3.78646850585938,1.87448883056641,1.91197967529297,1.89323425292969,11.0386404206416,11.4846143252448,11.2605234460002
660,353.031833366667,3.74897766113281,3.82772827148438,3.78835296630859,1.87448883056641,1.91386413574219,1.8941764831543,11.0386404206416,11.5072641129508,11.2717345739715
661,353.033500033333,3.76416015625,3.82395935058594,3.79405975341797,1.882080078125,1.91197967529297,1.89702987670898,11.1282293583233,11.4846143252448,11.3057197068916
662,353.0351667,3.76416015625,3.82121276855469,3.79268646240234,1.882080078125,1.91060638427734,1.89634323120117,11.1282293583233,11.4681224620639,11.2975367923261
663,353.036833366667,3.77847290039063,3.82121276855469,3.79984283447266,1.88923645019531,1.91060638427734,1.89992141723633,11.213017627375,11.4681224620639,11.3402113737337
664,353.038500033333,3.76676940917969,3.81680297851563,3.79178619384766,1.88338470458984,1.90840148925781,1.89589309692383,11.1436625107989,11.4416686451849,11.2921740447861
665,353.0401667,3.77847290039063,3.82167053222656,3.80007171630859,1.88923645019531,1.91083526611328,1.9000358581543,11.213017627375,11.470870283036,11.3415775600123
666,353.041833366667,3.77043151855469,3.81941223144531,3.794921875,1.88521575927734,1.90970611572266,1.8974609375,11.1653411134569,11.4573175597907,11.3108582724306
667,353.043500033333,3.77043151855469,3.81941223144531,3.794921875,1.88521575927734,1.90970611572266,1.8974609375,11.1653411134569,11.4573175597907,11.3108582724306
668,353.0451667,3.75416564941406,3.81941223144531,3.78678894042969,1.87708282470703,1.90970611572266,1.89339447021484,11.069213001998,11.4573175597907,11.2624293980308
669,353.046833366667,3.75416564941406,3.82331848144531,3.78874206542969,1.87708282470703,1.91165924072266,1.89437103271484,11.069213001998,11.4807651639518,11.2740501170518
670,353.048500033333,3.76046752929688,3.82331848144531,3.79189300537109,1.88023376464844,1.91165924072266,1.89594650268555,11.1064065653392,11.4807651639518,11.2928102364061
671,353.0501667,3.76046752929688,3.82447814941406,3.79247283935547,1.88023376464844,1.91223907470703,1.89623641967773,11.1064065653392,11.4877307854807,11.2962641607559
672,353.051833366667,3.77699279785156,3.81837463378906,3.79768371582031,1.88849639892578,1.90918731689453,1.89884185791016,11.2042346265564,11.4510933188118,11.3273277326669
673,353.053500033333,3.74977111816406,3.82415771484375,3.78696441650391,1.87488555908203,1.91207885742188,1.89348220825195,11.0433134886193,11.48580586306,11.2634732020122
674,353.0551667,3.77102661132813,3.82353210449219,3.79727935791016,1.88551330566406,1.91176605224609,1.89863967895508,11.1688658761402,11.4820481460331,11.3249157094079
675,353.056833366667,3.74977111816406,3.82415771484375,3.78696441650391,1.87488555908203,1.91207885742188,1.89348220825195,11.0433134886193,11.48580586306,11.2634732020122
676,353.058500033333,3.766845703125,3.82435607910156,3.79560089111328,1.8834228515625,1.91217803955078,1.89780044555664,11.1441139334882,11.4869974626835,11.3149062831037
677,353.0601667,3.747802734375,3.82708740234375,3.78744506835938,1.8739013671875,1.91354370117188,1.89372253417969,11.0317225017625,11.5034111575797,11.2663325649562
678,353.061833366667,3.75335693359375,3.82708740234375,3.79022216796875,1.87667846679688,1.91354370117188,1.89511108398438,11.0644444945248,11.5034111575797,11.2828604342083
679,353.063500033333,3.75335693359375,3.82646179199219,3.78990936279297,1.87667846679688,1.91323089599609,1.89495468139648,11.0644444945248,11.4996505615301,11.2809981731862
680,353.0651667,3.75335693359375,3.82170104980469,3.78752899169922,1.87667846679688,1.91085052490234,1.89376449584961,11.0644444945248,11.4710534828041,11.2668318560165
681,353.066833366667,3.77494812011719,3.82170104980469,3.79832458496094,1.88747406005859,1.91085052490234,1.89916229248047,11.1921070693264,11.4710534828041,11.331151088085
682,353.068500033333,3.75741577148438,3.82418823242188,3.79080200195313,1.87870788574219,1.91209411621094,1.89540100097656,11.0883873644815,11.485989182056,11.2863128367576
683,353.0701667,3.76046752929688,3.84315490722656,3.80181121826172,1.88023376464844,1.92157745361328,1.90090560913086,11.1064065653392,11.6002049276688,11.3519632649386
684,353.071833366667,3.75790405273438,3.82418823242188,3.79104614257813,1.87895202636719,1.91209411621094,1.89552307128906,11.0912694535378,11.485989182056,11.2877666379314
685,353.073500033333,3.76046752929688,3.83291625976563,3.79669189453125,1.88023376464844,1.91645812988281,1.89834594726563,11.1064065653392,11.5384784545249,11.3214119068204
686,353.0751667,3.75790405273438,3.83100891113281,3.79445648193359,1.87895202636719,1.91550445556641,1.8972282409668,11.0912694535378,11.5269976791616,11.3080842115084
687,353.076833366667,3.74591064453125,3.83100891113281,3.78845977783203,1.87295532226563,1.91550445556641,1.89422988891602,11.0205865147954,11.5269976791616,11.2723701895675
688,353.078500033333,3.74591064453125,3.82476806640625,3.78533935546875,1.87295532226563,1.91238403320313,1.89266967773438,11.0205865147954,11.4894725209339,11.2538085196223
689,353.0801667,3.75616455078125,3.82476806640625,3.79046630859375,1.87808227539063,1.91238403320313,1.89523315429688,11.0810037206945,11.4894725209339,11.2843140130185
690,353.081833366667,3.75616455078125,3.83047485351563,3.79331970214844,1.87808227539063,1.91523742675781,1.89665985107422,11.0810037206945,11.5237840861026,11.3013096570925
691,353.083500033333,3.75880432128906,3.83047485351563,3.79463958740234,1.87940216064453,1.91523742675781,1.89731979370117,11.0965842870362,11.5237840861026,11.3091756047179
692,353.0851667,3.75923156738281,3.83047485351563,3.79485321044922,1.87961578369141,1.91523742675781,1.89742660522461,11.0991070263584,11.5237840861026,11.3104489633584
693,353.086833366667,3.75923156738281,3.82795715332031,3.79359436035156,1.87961578369141,1.91397857666016,1.89679718017578,11.0991070263584,11.5086403247898,11.3029462762128
694,353.088500033333,3.75883483886719,3.83296203613281,3.7958984375,1.87941741943359,1.91648101806641,1.89794921875,11.0967644731931,11.5387540633536,11.3166803586925
695,353.0901667,3.74969482421875,3.83625793457031,3.79297637939453,1.87484741210938,1.91812896728516,1.89648818969727,11.0428641121867,11.5586065492608,11.2992640498276
696,353.091833366667,3.75883483886719,3.83625793457031,3.79754638671875,1.87941741943359,1.91812896728516,1.89877319335938,11.0967644731931,11.5586065492608,11.3265085261551
697,353.093500033333,3.77462768554688,3.8330078125,3.80381774902344,1.88731384277344,1.91650390625,1.90190887451172,11.1902070772241,11.539029675474,11.3639491701425
698,353.0951667,3.77462768554688,3.82125854492188,3.79794311523438,1.88731384277344,1.91062927246094,1.89897155761719,11.1902070772241,11.4683972293491,11.328875203571
699,353.096833366667,3.776123046875,3.82125854492188,3.79869079589844,1.8880615234375,1.91062927246094,1.89934539794922,11.1990750869323,11.4683972293491,11.3333361522674
700,353.098500033333,3.75619506835938,3.82125854492188,3.78872680664063,1.87809753417969,1.91062927246094,1.89436340332031,11.081183780309,11.4683972293491,11.2739593069606
701,353.1001667,3.76132202148438,3.82595825195313,3.79364013671875,1.88066101074219,1.91297912597656,1.89682006835938,11.1114545631286,11.4966241868752,11.3032190575867
702,353.101833366667,3.76132202148438,3.82170104980469,3.79151153564453,1.88066101074219,1.91085052490234,1.89575576782227,11.1114545631286,11.4710534828041,11.2905382057669
703,353.103500033333,3.77241516113281,3.82595825195313,3.79918670654297,1.88620758056641,1.91297912597656,1.89959335327148,11.1770924856915,11.4966241868752,11.3362954291332
704,353.1051667,3.7734375,3.83006286621094,3.80175018310547,1.88671875,1.91503143310547,1.90087509155273,11.1831513757829,11.5213053347155,11.3515987737789
705,353.106833366667,3.77586364746094,3.8336181640625,3.80474090576172,1.88793182373047,1.91680908203125,1.90237045288086,11.1975365069128,11.5427048182727,11.369465722169
706,353.108500033333,3.7734375,3.83343505859375,3.80343627929688,1.88671875,1.91671752929688,1.90171813964844,11.1831513757829,11.5416022139905,11.3616699940628
707,353.1101667,3.76199340820313,3.8336181640625,3.79780578613281,1.88099670410156,1.91680908203125,1.89890289306641,11.1154216517109,11.5427048182727,11.3280559411026
708,353.111833366667,3.75944519042969,3.83908081054688,3.79926300048828,1.87972259521484,1.91954040527344,1.89963150024414,11.100368503544,11.5756234016239,11.3367507367843
709,353.113500033333,3.76199340820313,3.83908081054688,3.800537109375,1.88099670410156,1.91954040527344,1.9002685546875,11.1154216517109,11.5756234016239,11.3443557258826
710,353.1151667,3.76329040527344,3.82978820800781,3.79653930664063,1.88164520263672,1.91489410400391,1.89826965332031,11.1230873506752,11.5196529819112,11.3205019169157
711,353.116833366667,3.76329040527344,3.82978820800781,3.79653930664063,1.88164520263672,1.91489410400391,1.89826965332031,11.1230873506752,11.5196529819112,11.3205019169157
712,353.118500033333,3.76329040527344,3.82815551757813,3.79572296142578,1.88164520263672,1.91407775878906,1.89786148071289,11.1230873506752,11.5098331082798,11.3156340921627
713,353.1201667,3.76104736328125,3.83551025390625,3.79827880859375,1.88052368164063,1.91775512695313,1.89913940429688,11.1098318673311,11.5541014796866,11.3308779698742
714,353.121833366667,3.77668762207031,3.83551025390625,3.80609893798828,1.88834381103516,1.91775512695313,1.90304946899414,11.2024241264561,11.5541014796866,11.3775834136292
715,353.123500033333,3.7723388671875,3.83651733398438,3.80442810058594,1.88616943359375,1.91825866699219,1.90221405029297,11.1766403955459,11.5601697377567,11.3675963273184
716,353.1251667,3.7723388671875,3.83651733398438,3.80442810058594,1.88616943359375,1.91825866699219,1.90221405029297,11.1766403955459,11.5601697377567,11.3675963273184
717,353.126833366667,3.76422119140625,3.83116149902344,3.79769134521484,1.88211059570313,1.91558074951172,1.89884567260742,11.1285902455843,11.5279159308962,11.3273732450084
718,353.128500033333,3.76422119140625,3.83056640625,3.79739379882813,1.88211059570313,1.915283203125,1.89869689941406,11.1285902455843,11.5243349559514,11.3255983314418
719,353.1301667,3.76864624023438,3.83056640625,3.79960632324219,1.88432312011719,1.915283203125,1.89980316162109,11.1547701630543,11.5243349559514,11.3387997343618
720,353.131833366667,3.77691650390625,3.83473205566406,3.80582427978516,1.88845825195313,1.91736602783203,1.90291213989258,11.2037819878164,11.5494134623318,11.3759413996327
721,353.133500033333,3.77691650390625,3.83746337890625,3.80718994140625,1.88845825195313,1.91873168945313,1.90359497070313,11.2037819878164,11.5658716738252,11.3841070283125
722,353.1351667,3.76429748535156,3.84120178222656,3.80274963378906,1.88214874267578,1.92060089111328,1.90137481689453,11.1290413628894,11.5884172721399,11.3575680531433
723,353.136833366667,3.76429748535156,3.84626770019531,3.80528259277344,1.88214874267578,1.92313385009766,1.90264129638672,11.1290413628894,11.6190038887324,11.3727033304455
724,353.138500033333,3.78134155273438,3.84808349609375,3.81471252441406,1.89067077636719,1.92404174804688,1.90735626220703,11.230050148505,11.6299769781256,11.4291389268375
725,353.1401667,3.78361511230469,3.84992980957031,3.8167724609375,1.89180755615234,1.92496490478516,1.90838623046875,11.2435585096739,11.6411397995819,11.4414856802151
726,353.141833366667,3.78134155273438,3.84992980957031,3.81563568115234,1.89067077636719,1.92496490478516,1.90781784057617,11.230050148505,11.6411397995819,11.4346712772821
727,353.143500033333,3.77449035644531,3.83375549316406,3.80412292480469,1.88724517822266,1.91687774658203,1.90206146240234,11.189392844268,11.5435318060458,11.3657726755845
728,353.1451667,3.77117919921875,3.83375549316406,3.80246734619141,1.88558959960938,1.91687774658203,1.9012336730957,11.1697697510474,11.5435318060458,11.3558819144746
729,353.146833366667,3.76922607421875,3.84010314941406,3.80466461181641,1.88461303710938,1.92005157470703,1.9023323059082,11.1582029142251,11.5817893491575,11.3690097580334
730,353.148500033333,3.76234436035156,3.84501647949219,3.80368041992188,1.88117218017578,1.92250823974609,1.90184020996094,11.1174956389008,11.6114456142199,11.3631286404213
731,353.1501667,3.76234436035156,3.84767150878906,3.80500793457031,1.88117218017578,1.92383575439453,1.90250396728516,11.1174956389008,11.6274868313382,11.3710616686466
732,353.151833366667,3.7701416015625,3.84632873535156,3.80823516845703,1.88507080078125,1.92316436767578,1.90411758422852,11.1636241228973,11.6193726479556,11.3903586785702
733,353.153500033333,3.77876281738281,3.84947204589844,3.81411743164063,1.88938140869141,1.92473602294922,1.90705871582031,11.2147384120126,11.6383716586778,11.4255733278931
734,353.1551667,3.77876281738281,3.84672546386719,3.812744140625,1.88938140869141,1.92336273193359,1.9063720703125,11.2147384120126,11.6217697255406,11.4173471456968
735,353.156833366667,3.76705932617188,3.84672546386719,3.80689239501953,1.88352966308594,1.92336273193359,1.90344619750977,11.1453779656602,11.6217697255406,11.3823276752467
736,353.158500033333,3.76606750488281,3.84672546386719,3.806396484375,1.88303375244141,1.92336273193359,1.9031982421875,11.1395098510582,11.6217697255406,11.3793623958452
737,353.1601667,3.76606750488281,3.84767150878906,3.80686950683594,1.88303375244141,1.92383575439453,1.90343475341797,11.1395098510582,11.6274868313382,11.3821908076942
738,353.161833366667,3.78280639648438,3.85148620605469,3.81714630126953,1.89140319824219,1.92574310302734,1.90857315063477,11.2387525917282,11.6505539407473,11.4437271018993
739,353.163500033333,3.78280639648438,3.85148620605469,3.81714630126953,1.89140319824219,1.92574310302734,1.90857315063477,11.2387525917282,11.6505539407473,11.4437271018993
740,353.1651667,3.77447509765625,3.85148620605469,3.81298065185547,1.88723754882813,1.92574310302734,1.90649032592773,11.1893023757682,11.6505539407473,11.418763665912
741,353.166833366667,3.77447509765625,3.8492431640625,3.81185913085938,1.88723754882813,1.92462158203125,1.90592956542969,11.1893023757682,11.6369877116594,11.4120473979924
742,353.168500033333,3.77436828613281,3.84622192382813,3.81029510498047,1.88718414306641,1.92311096191406,1.90514755249023,11.18866910651,11.6187273231552,11.4026844729033
743,353.1701667,3.77630615234375,3.84622192382813,3.81126403808594,1.88815307617188,1.92311096191406,1.90563201904297,11.2001612070535,11.6187273231552,11.4084844663135
744,353.171833366667,3.7711181640625,3.84623718261719,3.80867767333984,1.88555908203125,1.92311859130859,1.90433883666992,11.1694081966958,11.6188195113152,11.3930058796711
745,353.173500033333,3.7711181640625,3.84918212890625,3.81015014648438,1.88555908203125,1.92459106445313,1.90507507324219,11.1694081966958,11.6366186730189,11.4018168841705
746,353.1751667,3.77037048339844,3.85343933105469,3.81190490722656,1.88518524169922,1.92671966552734,1.90595245361328,11.1649796307882,11.6623731484933,11.412321492701
747,353.176833366667,3.77003479003906,3.85343933105469,3.81173706054688,1.88501739501953,1.92671966552734,1.90586853027344,11.1629915807094,11.6623731484933,11.4113164948617
748,353.178500033333,3.7672119140625,3.85833740234375,3.81277465820313,1.88360595703125,1.92916870117188,1.90638732910156,11.1462808896706,11.6920398615338,11.4175299175614
749,353.1801667,3.7672119140625,3.85478210449219,3.81099700927734,1.88360595703125,1.92739105224609,1.90549850463867,11.1462808896706,11.670502329712,11.4068858957266
750,353.181833366667,3.7672119140625,3.85833740234375,3.81277465820313,1.88360595703125,1.92916870117188,1.90638732910156,11.1462808896706,11.6920398615338,11.4175299175614
751,353.183500033333,3.76483154296875,3.85682678222656,3.81082916259766,1.88241577148438,1.92841339111328,1.90541458129883,11.132199440036,11.6828862955196,11.4058811372572
752,353.1851667,3.76483154296875,3.86024475097656,3.81253814697266,1.88241577148438,1.93012237548828,1.90626907348633,11.132199440036,11.7036025145933,11.4161134738751
753,353.186833366667,3.78314208984375,3.86024475097656,3.82169342041016,1.89157104492188,1.93012237548828,1.91084671020508,11.2407473763504,11.7036025145933,11.471007682725
754,353.188500033333,3.78314208984375,3.86122131347656,3.82218170166016,1.89157104492188,1.93061065673828,1.91109085083008,11.2407473763504,11.7095248048919,11.4739390721205
755,353.1901667,3.76548767089844,3.86259460449219,3.81404113769531,1.88274383544922,1.93129730224609,1.90702056884766,11.1360799767159,11.7178555601299,11.4251162400536
756,353.191833366667,3.76548767089844,3.86122131347656,3.8133544921875,1.88274383544922,1.93061065673828,1.90667724609375,11.1360799767159,11.7095248048919,11.4210028609434
757,353.193500033333,3.77554321289063,3.86259460449219,3.81906890869141,1.88777160644531,1.93129730224609,1.9095344543457,11.1956360539913,11.7178555601299,11.4552578810825
758,353.1951667,3.77677917480469,3.87045288085938,3.82361602783203,1.88838958740234,1.93522644042969,1.91180801391602,11.2029672611255,11.765582968968,11.4825521943202
759,353.196833366667,3.7841796875,3.87045288085938,3.82731628417969,1.89208984375,1.93522644042969,1.91365814208984,11.2469141934059,11.765582968968,11.5047871390092
760,353.198500033333,3.79315185546875,3.86064147949219,3.82689666748047,1.89657592773438,1.93032073974609,1.91344833374023,11.3003095592972,11.7060082643567,11.5022645692483
761,353.2001667,3.7841796875,3.86064147949219,3.82241058349609,1.89208984375,1.93032073974609,1.91120529174805,11.2469141934059,11.7060082643567,11.4753132898193
762,353.201833366667,3.77326965332031,3.86064147949219,3.81695556640625,1.88663482666016,1.93032073974609,1.90847778320313,11.1821565199889,11.7060082643567,11.4425834919776
763,353.203500033333,3.77326965332031,3.85980224609375,3.81653594970703,1.88663482666016,1.92990112304688,1.90826797485352,11.1821565199889,11.700919469988,11.4400677513012
764,353.2051667,3.79696655273438,3.85684204101563,3.826904296875,1.89848327636719,1.92842102050781,1.9134521484375,11.3230499808128,11.6829787378617,11.5023104316844
765,353.206833366667,3.79757690429688,3.85684204101563,3.82720947265625,1.89878845214844,1.92842102050781,1.91360473632813,11.3266905694865,11.6829787378617,11.5041450041017
766,353.208500033333,3.79696655273438,3.85684204101563,3.826904296875,1.89848327636719,1.92842102050781,1.9134521484375,11.3230499808128,11.6829787378617,11.5023104316844
767,353.2101667,3.80107116699219,3.85723876953125,3.82915496826172,1.90053558349609,1.92861938476563,1.91457748413086,11.3475442042955,11.6853823671253,11.5158438422624
768,353.211833366667,3.78707885742188,3.85868835449219,3.82288360595703,1.89353942871094,1.92934417724609,1.91144180297852,11.2641539697975,11.6941669606961,11.4781536004954
769,353.213500033333,3.79286193847656,3.86257934570313,3.82772064208984,1.89643096923828,1.93128967285156,1.91386032104492,11.2985822218838,11.7177629799078,11.50721824064
770,353.2151667,3.78291320800781,3.85868835449219,3.82080078125,1.89145660400391,1.92934417724609,1.910400390625,11.2393872767253,11.6941669606961,11.4656497046179
771,353.216833366667,3.79286193847656,3.86846923828125,3.83066558837891,1.89643096923828,1.93423461914063,1.91533279418945,11.2985822218838,11.7535261211519,11.5249317464787
772,353.218500033333,3.79676818847656,3.85943603515625,3.82810211181641,1.89838409423828,1.92971801757813,1.9140510559082,11.3218669154877,11.6986992518842,11.509511968183
773,353.2201667,3.79960632324219,3.86215209960938,3.83087921142578,1.89980316162109,1.93107604980469,1.91543960571289,11.3387997343618,11.7151708821765,11.5262171939427
774,353.221833366667,3.79676818847656,3.86215209960938,3.82946014404297,1.89838409423828,1.93107604980469,1.91473007202148,11.3218669154877,11.7151708821765,11.5176794935818
775,353.223500033333,3.77642822265625,3.86215209960938,3.81929016113281,1.88821411132813,1.93107604980469,1.90964508056641,11.2008853163927,11.7151708821765,11.456585208371
776,353.2251667,3.77642822265625,3.86572265625,3.82107543945313,1.88821411132813,1.932861328125,1.91053771972656,11.2008853163927,11.7368422280294,11.4672981799578
777,353.226833366667,3.77871704101563,3.86636352539063,3.82254028320313,1.88935852050781,1.93318176269531,1.91127014160156,11.2144667003976,11.7407340765405,11.4760920497093
778,353.228500033333,3.79998779296875,3.87126159667969,3.83562469482422,1.89999389648438,1.93563079833984,1.91781234741211,11.3410766154888,11.770500226683,11.5547909742353
779,353.2301667,3.78665161132813,3.87126159667969,3.82895660400391,1.89332580566406,1.93563079833984,1.91447830200195,11.2616125416968,11.770500226683,11.5146507473538
780,353.231833366667,3.7918701171875,3.86497497558594,3.82842254638672,1.89593505859375,1.93248748779297,1.91421127319336,11.2926739081217,11.7323025534937,11.5114388759664
781,353.233500033333,3.78987121582031,3.86497497558594,3.82742309570313,1.89493560791016,1.93248748779297,1.91371154785156,11.2807710786982,11.7323025534937,11.5054292918374
782,353.2351667,3.7918701171875,3.86830139160156,3.83008575439453,1.89593505859375,1.93415069580078,1.91504287719727,11.2926739081217,11.75250620996,11.5214430361313
783,353.236833366667,3.7950439453125,3.86885070800781,3.83194732666016,1.89752197265625,1.93442535400391,1.91597366333008,11.3115859512899,11.7558442657119,11.5326455065077
784,353.238500033333,3.7950439453125,3.86830139160156,3.83167266845703,1.89752197265625,1.93415069580078,1.91583633422852,11.3115859512899,11.75250620996,11.5309923406867
785,353.2401667,3.7950439453125,3.87069702148438,3.83287048339844,1.89752197265625,1.93534851074219,1.91643524169922,11.3115859512899,11.7670673158713,11.5382028489876
786,353.241833366667,3.81080627441406,3.87069702148438,3.84075164794922,1.90540313720703,1.93534851074219,1.92037582397461,11.4057441281674,11.7670673158713,11.5857014355401
787,353.243500033333,3.81080627441406,3.87069702148438,3.84075164794922,1.90540313720703,1.93534851074219,1.92037582397461,11.4057441281674,11.7670673158713,11.5857014355401
788,353.2451667,3.8106689453125,3.87074279785156,3.84070587158203,1.90533447265625,1.93537139892578,1.92035293579102,11.4049220909091,11.767345641339,11.5854252665966
789,353.246833366667,3.8106689453125,3.87074279785156,3.84070587158203,1.90533447265625,1.93537139892578,1.92035293579102,11.4049220909091,11.767345641339,11.5854252665966
790,353.248500033333,3.81163024902344,3.88034057617188,3.84598541259766,1.90581512451172,1.94017028808594,1.92299270629883,11.4106769738231,11.8257739082537,11.6172984534428
791,353.2501667,3.81880187988281,3.88847351074219,3.8536376953125,1.90940093994141,1.94423675537109,1.92681884765625,11.4536560367593,11.8753979219902,11.6635738719711
792,353.251833366667,3.81880187988281,3.89620971679688,3.85750579833984,1.90940093994141,1.94810485839844,1.92875289916992,11.4536560367593,11.9226976730604,11.6870003337201
793,353.253500033333,3.8154296875,3.92752075195313,3.87147521972656,1.90771484375,1.96376037597656,1.93573760986328,11.4334366698329,12.1150959541011,11.7717992964744
794,353.2551667,3.8154296875,3.93128967285156,3.87335968017578,1.90771484375,1.96564483642578,1.93667984008789,11.4334366698329,12.1383588467511,11.7832620531214
795,353.256833366667,3.81773376464844,3.93128967285156,3.87451171875,1.90886688232422,1.96564483642578,1.937255859375,11.4472497795129,12.1383588467511,11.7902723967418
796,353.258500033333,3.82041931152344,3.93128967285156,3.8758544921875,1.91020965576172,1.96564483642578,1.93792724609375,11.4633603521144,12.1383588467511,11.7984460243376
797,353.2601667,3.82398986816406,3.93753051757813,3.88076019287109,1.91199493408203,1.96876525878906,1.94038009643555,11.4847976347318,12.1769282465099,11.8283317046247
798,353.261833366667,3.82711791992188,3.94194030761719,3.88452911376953,1.91355895996094,1.97097015380859,1.94226455688477,11.5035946170159,12.2042183288057,11.8513177650807
799,353.263500033333,3.82711791992188,3.94224548339844,3.88468170166016,1.91355895996094,1.97112274169922,1.94234085083008,11.5035946170159,12.20610804592,11.8522488447782
800,353.2651667,3.83110046386719,3.96525573730469,3.89817810058594,1.91555023193359,1.98262786865234,1.94908905029297,11.5275486258136,12.349014077707,11.9347475239222
801,353.266833366667,3.83110046386719,3.97383117675781,3.9024658203125,1.91555023193359,1.98691558837891,1.95123291015625,11.5275486258136,12.4024848950611,11.9610167165166
802,353.268500033333,3.8309326171875,3.97383117675781,3.90238189697266,1.91546630859375,1.98691558837891,1.95119094848633,11.5265385670092,12.4024848950611,11.9605022737395
803,353.2701667,3.81497192382813,3.97383117675781,3.89440155029297,1.90748596191406,1.98691558837891,1.94720077514648,11.430693336362,12.4024848950611,11.9116339872077
804,353.271833366667,3.81497192382813,3.97740173339844,3.89618682861328,1.90748596191406,1.98870086669922,1.94809341430664,11.430693336362,12.4247826061132,11.9225575943113
805,353.273500033333,3.82266235351563,3.97740173339844,3.90003204345703,1.91133117675781,1.98870086669922,1.95001602172852,11.476825024332,12.4247826061132,11.9461023676856
806,353.2751667,3.82266235351563,3.98335266113281,3.90300750732422,1.91133117675781,1.99167633056641,1.95150375366211,11.476825024332,12.4619899598345,11.9643374769654
807,353.276833366667,3.81105041503906,3.9739990234375,3.89252471923828,1.90552520751953,1.98699951171875,1.94626235961914,11.4072056008836,12.4035326294921,11.9001555932923
808,353.278500033333,3.81105041503906,3.98335266113281,3.89720153808594,1.90552520751953,1.99167633056641,1.94860076904297,11.4072056008836,12.4619899598345,11.9287685426222
809,353.2801667,3.80888366699219,3.99363708496094,3.90126037597656,1.90444183349609,1.99681854248047,1.95063018798828,11.3942383023435,12.5264230382451,11.9536285093396
810,353.281833366667,3.77474975585938,4.00509643554688,3.88992309570313,1.88737487792969,2.00254821777344,1.94496154785156,11.1909308647213,12.5984128629674,11.884253637152
811,353.283500033333,3.76597595214844,4.00509643554688,3.88553619384766,1.88298797607422,2.00254821777344,1.94276809692383,11.1389682568415,12.5984128629674,11.8574635669523
812,353.2851667,3.76597595214844,3.992919921875,3.87944793701172,1.88298797607422,1.9964599609375,1.93972396850586,11.1389682568415,12.5219245415618,11.8203336977842
813,353.286833366667,3.70932006835938,3.9324696858724,3.82089487711589,1.85466003417969,1.9662348429362,1.91044743855794,10.8063368173155,12.1456468221162,11.4662144467144
814,353.288500033333,3.67491149902344,3.87201944986979,3.77346547444661,1.83745574951172,1.9360097249349,1.88673273722331,10.6067821891785,11.7751091553541,11.1833171893843
815,353.2901667,3.67491149902344,3.81156921386719,3.74324035644531,1.83745574951172,1.90578460693359,1.87162017822266,10.6067821891785,11.4103115412756,11.0048799725548
816,353.291833366667,3.74824523925781,3.79585774739583,3.77205149332682,1.87412261962891,1.89792887369792,1.88602574666341,11.0343276971822,11.3164377418563,11.1749376047448
817,353.293500033333,3.84016418457031,3.78014628092448,3.8101552327474,1.92008209228516,1.89007314046224,1.9050776163737,11.5821575173617,11.222951693791,11.4018473253216
818,353.2951667,3.84782409667969,3.76443481445313,3.80612945556641,1.92391204833984,1.88221740722656,1.9030647277832,11.6284090768391,11.1298533970796,11.3777658669434
819,353.296833366667,3.84782409667969,3.68184661865234,3.76483535766602,1.92391204833984,1.84092330932617,1.88241767883301,11.6284090768391,10.6468532016113,11.1322219993414
820,353.298500033333,3.84782409667969,3.68184661865234,3.76483535766602,1.92391204833984,1.84092330932617,1.88241767883301,11.6284090768391,10.6468532016113,11.1322219993414
821,353.3001667,3.54483032226563,3.99812316894531,3.77147674560547,1.77241516113281,1.99906158447266,1.88573837280273,9.86917353110293,12.5545809036133,11.1715324123093
822,353.301833366667,3.49174499511719,3.99812316894531,3.74493408203125,1.74587249755859,1.99906158447266,1.87246704101563,9.57579676294295,12.5545809036133,11.0148411088476
823,353.303500033333,3.49174499511719,3.99544999730869,3.74359749621294,1.74587249755859,1.99772499865434,1.87179874810647,9.57579676294295,12.5377983640262,11.0069800074948
824,353.3051667,3.83775329589844,3.99277682567206,3.91526506078525,1.91887664794922,1.99638841283603,1.95763253039262,11.567619322759,12.5210270491087,12.0396044558876
825,353.306833366667,3.86969299316406,3.99010365403543,3.92989832359975,1.93484649658203,1.99505182701772,1.96494916179987,11.7609635384501,12.5042669588608,12.1297684302167
826,353.308500033333,3.90163269042969,3.98743048239881,3.94453158641425,1.95081634521484,1.9937152411994,1.97226579320712,11.9559101929998,12.4875180932825,12.2202687629028
827,353.3101667,3.93357238769531,3.98475731076218,3.95916484922875,1.96678619384766,1.99237865538109,1.97958242461437,12.1524592864082,12.4707804523738,12.3111054539458
828,353.311833366667,3.96551208496094,3.98208413912555,3.97379811204325,1.98275604248047,1.99104206956278,1.98689905602162,12.3506108186752,12.4540540361347,12.4022785033456
829,353.313500033333,3.99593858595018,3.97941096748893,3.98767477671956,1.99796929297509,1.98970548374446,1.99383738835978,12.5408649524837,12.4373388445652,12.4890482632574
830,353.3151667,3.99593858595018,3.9767377958523,3.98633819090124,1.99796929297509,1.98836889792615,1.99316909545062,12.5408649524837,12.4206348776653,12.4806775268224
831,353.316833366667,3.9944253896738,3.97406462421567,3.98424500694474,1.9972126948369,1.98703231210784,1.99212250347237,12.5313687119178,12.4039421354349,12.4675740248595
832,353.318500033333,3.99291219339742,3.97139145257905,3.98215182298824,1.99645609669871,1.98569572628952,1.99107591149412,12.5218760681032,12.3872606178742,12.4544774052136
833,353.3201667,3.99139899712104,3.96871828094242,3.98005863903173,1.99569949856052,1.98435914047121,1.99002931951587,12.5123870210398,12.370590324983,12.4413876678847
834,353.321833366667,3.98988580084466,3.96604510930579,3.97796545507523,1.99494290042233,1.9830225546529,1.98898272753761,12.5029015707277,12.3539312567614,12.4283048128727
835,353.323500033333,3.98837260456828,3.96337193766917,3.97587227111873,1.99418630228414,1.98168596883458,1.98793613555936,12.4934197171668,12.3372834132094,12.4152288401777
836,353.3251667,3.9868594082919,3.96069876603254,3.97377908716222,1.99342970414595,1.98034938301627,1.98688954358111,12.4839414603572,12.320646794327,12.4021597497998
837,353.326833366667,3.98534621201552,3.95802559439592,3.97168590320572,1.99267310600776,1.97901279719796,1.98584295160286,12.4744668002989,12.3040214001142,12.3890975417388
838,353.328500033333,3.98383301573914,3.95535242275929,3.96959271924922,1.99191650786957,1.97767621137964,1.98479635962461,12.4649957369918,12.287407230571,12.3760422159948
839,353.3301667,3.98231981946276,3.95267925112266,3.96749953529271,1.99115990973138,1.97633962556133,1.98374976764636,12.455528270436,12.2708042856974,12.3629937725678
840,353.331833366667,3.98080662318638,3.95000607948604,3.96540635133621,1.99040331159319,1.97500303974302,1.98270317566811,12.4460644006315,12.2542125654933,12.3499522114578
841,353.333500033333,3.97929342691,3.94733290784941,3.96331316737971,1.989646713455,1.9736664539247,1.98165658368985,12.4366041275782,12.2376320699589,12.3369175326648
842,353.3351667,3.97778023063362,3.94465973621278,3.9612199834232,1.98889011531681,1.97232986810639,1.9806099917116,12.4271474512762,12.221062799094,12.3238897361888
843,353.336833366667,3.97626703435724,3.94198656457616,3.9591267994667,1.98813351717862,1.97099328228808,1.97956339973335,12.4176943717255,12.2045047528987,12.3108688220297
844,353.338500033333,3.97475383808086,3.93931339293953,3.9570336155102,1.98737691904043,1.96965669646977,1.9785168077551,12.408244888926,12.1879579313731,12.2978547901877
845,353.3401667,3.97324064180448,3.9366402213029,3.95494043155369,1.98662032090224,1.96832011065145,1.97747021577685,12.3987990028778,12.171422334517,12.2848476406626
846,353.341833366667,3.9717274455281,3.93396704966628,3.95284724759719,1.98586372276405,1.96698352483314,1.9764236237986,12.3893567135808,12.1548979623305,12.2718473734546
847,353.343500033333,3.97021424925172,3.93129387802965,3.95075406364069,1.98510712462586,1.96564693901483,1.97537703182034,12.3799180210352,12.1383848148135,12.2588539885635
848,353.3451667,3.96870105297534,3.92862070639302,3.94866087968418,1.98435052648767,1.96431035319651,1.97433043984209,12.3704829252407,12.1218828919662,12.2458674859894
849,353.346833366667,3.96718785669897,3.9259475347564,3.94656769572768,1.98359392834948,1.9629737673782,1.97328384786384,12.3610514261976,12.1053921937885,12.2328878657323
850,353.348500033333,3.96567466042259,3.92327436311977,3.94447451177118,1.98283733021129,1.96163718155989,1.97223725588559,12.3516235239057,12.0889127202803,12.2199151277922
851,353.3501667,3.96416146414621,3.92060119148314,3.94238132781468,1.9820807320731,1.96030059574157,1.97119066390734,12.342199218365,12.0724444714418,12.2069492721691
852,353.351833366667,3.96264826786983,3.91792801984652,3.94028814385817,1.98132413393491,1.95896400992326,1.97014407192909,12.3327785095757,12.0559874472728,12.193990298863
853,353.353500033333,3.96113507159345,3.91525484820989,3.93819495990167,1.98056753579672,1.95762742410495,1.96909747995083,12.3233613975376,12.0395416477734,12.1810382078738
854,353.3551667,3.95962187531707,3.91258167657327,3.93610177594517,1.97981093765853,1.95629083828663,1.96805088797258,12.3139478822507,12.0231070729436,12.1680929992017
855,353.356833366667,3.95810867904069,3.90990850493664,3.93400859198866,1.97905433952034,1.95495425246832,1.96700429599433,12.3045379637152,12.0066837227834,12.1551546728465
856,353.358500033333,3.95659548276431,3.90723533330001,3.93191540803216,1.97829774138215,1.95361766665001,1.96595770401608,12.2951316419308,11.9902715972928,12.1422232288084
857,353.3601667,3.95508228648793,3.90456216166339,3.92982222407566,1.97754114324396,1.95228108083169,1.96491111203783,12.2857289168978,11.9738706964718,12.1292986670872
858,353.361833366667,3.95356909021155,3.90188899002676,3.92772904011915,1.97678454510577,1.95094449501338,1.96386452005958,12.276329788616,11.9574810203204,12.116380987683
859,353.363500033333,3.95205589393517,3.89921581839013,3.92563585616265,1.97602794696758,1.94960790919507,1.96281792808132,12.2669342570855,11.9411025688385,12.1034701905958
860,353.3651667,3.95054269765879,3.89654264675351,3.92354267220615,1.97527134882939,1.94827132337675,1.96177133610307,12.2575423223062,11.9247353420263,12.0905662758256
861,353.366833366667,3.94902950138241,3.89386947511688,3.92144948824964,1.9745147506912,1.94693473755844,1.96072474412482,12.2481539842782,11.9083793398836,12.0776692433724
862,353.368500033333,3.94751630510603,3.89119630348025,3.91935630429314,1.97375815255301,1.94559815174013,1.95967815214657,12.2387692430015,11.8920345624105,12.0647790932362
863,353.3701667,3.94600310882965,3.88852313184363,3.91726312033664,1.97300155441482,1.94426156592181,1.95863156016832,12.229388098476,11.875701009607,12.051895825417
864,353.371833366667,3.94448991255327,3.885849960207,3.91516993638013,1.97224495627663,1.9429249801035,1.95758496819007,12.2200105507018,11.8593786814731,12.0390194399147
865,353.373500033333,3.94297671627689,3.88317678857037,3.91307675242363,1.97148835813844,1.94158839428519,1.95653837621182,12.2106365996789,11.8430675780088,12.0261499367295
866,353.3751667,3.94146352000051,3.88050361693375,3.91098356846713,1.97073176000025,1.94025180846687,1.95549178423356,12.2012662454072,11.8267676992141,12.0132873158612
867,353.376833366667,3.93995032372413,3.87783044529712,3.90889038451062,1.96997516186206,1.93891522264856,1.95444519225531,12.1918994878868,11.810479045089,12.00043157731
868,353.378500033333,3.93843712744775,3.87515727366049,3.90679720055412,1.96921856372387,1.93757863683025,1.95339860027706,12.1825363271177,11.7942016156334,11.9875827210757
869,353.3801667,3.93692393117137,3.87248410202387,3.90470401659762,1.96846196558568,1.93624205101193,1.95235200829881,12.1731767630998,11.7779354108475,11.9747407471584
870,353.381833366667,3.93541073489499,3.86981093038724,3.90261083264111,1.96770536744749,1.93490546519362,1.95130541632056,12.1638207958331,11.7616804307311,11.9619056555581
871,353.383500033333,3.93389753861861,3.86713775875062,3.90051764868461,1.9669487693093,1.93356887937531,1.95025882434231,12.1544684253178,11.7454366752844,11.9490774462748
872,353.3851667,3.93238434234223,3.86446458711399,3.89842446472811,1.96619217117111,1.93223229355699,1.94921223236405,12.1451196515537,11.7292041445072,11.9362561193085
873,353.386833366667,3.93087114606585,3.86179141547736,3.89633128077161,1.96543557303292,1.93089570773868,1.9481656403858,12.1357744745409,11.7129828383996,11.9234416746592
874,353.388500033333,3.92935794978947,3.85911824384074,3.8942380968151,1.96467897489473,1.92955912192037,1.94711904840755,12.1264328942793,11.6967727569616,11.9106341123268
875,353.3901667,3.92784475351309,3.85644507220411,3.8921449128586,1.96392237675654,1.92822253610205,1.9460724564293,12.117094910769,11.6805739001932,11.8978334323115
876,353.391833366667,3.92633155723671,3.85377190056748,3.8900517289021,1.96316577861835,1.92688595028374,1.94502586445105,12.10776052401,11.6643862680943,11.8850396346131
877,353.393500033333,3.92481836096033,3.85109872893086,3.88795854494559,1.96240918048016,1.92554936446543,1.9439792724728,12.0984297340022,11.6482098606651,11.8722527192318
878,353.3951667,3.92330516468395,3.84842555729423,3.88586536098909,1.96165258234197,1.92421277864711,1.94293268049454,12.0891025407457,11.6320446779054,11.8594726861674
879,353.396833366667,3.92179196840757,3.8457523856576,3.88377217703259,1.96089598420378,1.9228761928288,1.94188608851629,12.0797789442405,11.6158907198154,11.84669953542
880,353.398500033333,3.92027877213119,3.84307921402098,3.88167899307608,1.96013938606559,1.92153960701049,1.94083949653804,12.0704589444865,11.5997479863949,11.8339332669896
881,353.4001667,3.91876557585481,3.84040604238435,3.87958580911958,1.9593827879274,1.92020302119218,1.93979290455979,12.0611425414838,11.583616477644,11.8211738808762
882,353.401833366667,3.91725237957843,3.83773287074772,3.87749262516308,1.95862618978921,1.91886643537386,1.93874631258154,12.0518297352323,11.5674961935628,11.8084213770798
883,353.403500033333,3.91573918330205,3.8350596991111,3.87539944120657,1.95786959165102,1.91752984955555,1.93769972060329,12.0425205257321,11.5513871341511,11.7956757556004
884,353.4051667,3.91422598702567,3.83238652747447,3.87330625725007,1.95711299351283,1.91619326373724,1.93665312862504,12.0332149129832,11.5352892994089,11.7829370164379
885,353.406833366667,3.91271279074929,3.82971335583784,3.87121307329357,1.95635639537464,1.91485667791892,1.93560653664678,12.0239128969855,11.5192026893364,11.7702051595925
886,353.408500033333,3.91119959447291,3.82704018420122,3.86911988933706,1.95559979723645,1.91352009210061,1.93455994466853,12.0146144777391,11.5031273039335,11.7574801850641
887,353.4101667,3.90968639819653,3.82436701256459,3.86702670538056,1.95484319909827,1.9121835062823,1.93351335269028,12.005319655244,11.4870631432001,11.7447620928526
888,353.411833366667,3.90817320192015,3.82169384092797,3.86493352142406,1.95408660096008,1.91084692046398,1.93246676071203,11.9960284295001,11.4710102071364,11.7320508829581
889,353.413500033333,3.90666000564377,3.81902066929134,3.86284033746755,1.95333000282189,1.90951033464567,1.93142016873378,11.9867408005075,11.4549684957422,11.7193465553806
890,353.4151667,3.90514680936739,3.81634749765471,3.86074715351105,1.9525734046837,1.90817374882736,1.93037357675553,11.9774567682662,11.4389380090177,11.7066491101202
891,353.416833366667,3.90363361309101,3.81367432601809,3.85865396955455,1.95181680654551,1.90683716300904,1.92932698477727,11.9681763327761,11.4229187469627,11.6939585471767
892,353.418500033333,3.90212041681463,3.81100115438146,3.85656078559805,1.95106020840732,1.90550057719073,1.92828039279902,11.9588994940373,11.4069107095773,11.6812748665502
893,353.4201667,3.90060722053825,3.80832798274483,3.85446760164154,1.95030361026913,1.90416399137242,1.92723380082077,11.9496262520497,11.3909138968615,11.6685980682406
894,353.421833366667,3.89909402426187,3.80565481110821,3.85237441768504,1.94954701213094,1.9028274055541,1.92618720884252,11.9403566068134,11.3749283088152,11.6559281522481
895,353.423500033333,3.89758082798549,3.80298163947158,3.85028123372854,1.94879041399275,1.90149081973579,1.92514061686427,11.9310905583284,11.3589539454386,11.6432651185726
896,353.4251667,3.89606763170911,3.80030846783495,3.84818804977203,1.94803381585456,1.90015423391748,1.92409402488602,11.9218281065947,11.3429908067316,11.630608967214
897,353.426833366667,3.89455443543273,3.79763529619833,3.84609486581553,1.94727721771637,1.89881764809916,1.92304743290776,11.9125692516122,11.3270388926941,11.6179596981725
898,353.428500033333,3.89304123915635,3.7949621245617,3.84400168185903,1.94652061957818,1.89748106228085,1.92200084092951,11.9033139933809,11.3110982033263,11.6053173114479
899,353.4301667,3.89152804287997,3.79228895292507,3.84190849790252,1.94576402143999,1.89614447646254,1.92095424895126,11.894062331901,11.295168738628,11.5926818070403
900,353.431833366667,3.89001484660359,3.78961578128845,3.83981531394602,1.9450074233018,1.89480789064422,1.91990765697301,11.8848142671723,11.2792504985993,11.5800531849497
901,353.433500033333,3.88850165032721,3.78694260965182,3.83772212998952,1.94425082516361,1.89347130482591,1.91886106499476,11.8755697991948,11.2633434832402,11.5674314451761
902,353.4351667,3.88698845405083,3.78426943801519,3.83562894603301,1.94349422702542,1.8921347190076,1.91781447301651,11.8663289279686,11.2474476925507,11.5548165877195
903,353.436833366667,3.88547525777445,3.78159626637857,3.83353576207651,1.94273762888723,1.89079813318928,1.91676788103825,11.8570916534937,11.2315631265308,11.5422086125799
904,353.438500033333,3.88396206149807,3.77892309474194,3.83144257812001,1.94198103074904,1.88946154737097,1.91572128906,11.8478579757701,11.2156897851805,11.5296075197573
905,353.4401667,3.88244886522169,3.77624992310531,3.8293493941635,1.94122443261085,1.88812496155266,1.91467469708175,11.8386278947977,11.1998276684997,11.5170133092517
906,353.441833366667,3.88093566894531,3.77357675146869,3.827256210207,1.94046783447266,1.88678837573434,1.9136281051035,11.8294014105766,11.1839767764886,11.504425981063
907,353.443500033333,3.84540557861328,3.77090357983206,3.80815457922267,1.92270278930664,1.88545178991603,1.90407728961134,11.6137957897828,11.168137109147,11.3898766019485
908,353.4451667,3.82361221313477,3.76823040819544,3.7959213106651,1.91180610656738,1.88411520409772,1.89796065533255,11.4825292827944,11.1523086664751,11.3168167422561
909,353.446833366667,3.82361221313477,3.76555723655881,3.79458472484679,1.91180610656738,1.8827786182794,1.89729236242339,11.4825292827944,11.1364914484727,11.3088485930081
910,353.448500033333,3.83734893798828,3.76288406492218,3.80011650145523,1.91867446899414,1.88144203246109,1.90005825072762,11.5651818487484,11.1206854551399,11.3418448903392
911,353.4501667,3.8510856628418,3.76021089328556,3.80564827806368,1.9255428314209,1.88010544664278,1.90282413903184,11.6481308202146,11.1048906864767,11.3748892549057
912,353.451833366667,3.8510856628418,3.75753772164893,3.80431169224536,1.9255428314209,1.87876886082446,1.90215584612268,11.6481308202146,11.0891071424831,11.3669006838498
913,353.453500033333,3.84062194824219,3.7548645500123,3.79774324912725,1.92031097412109,1.87743227500615,1.89887162456362,11.5849189654157,11.0733348231591,11.3276828747033
914,353.4551667,3.84062194824219,3.75219137837568,3.79640666330893,1.92031097412109,1.87609568918784,1.89820333165447,11.5849189654157,11.0575737285047,11.3197109002881
915,353.456833366667,3.84947204589844,3.74951820673905,3.79949512631874,1.92473602294922,1.87475910336953,1.89974756315937,11.6383716586778,11.0418238585198,11.3381360755039
916,353.458500033333,3.85115051269531,3.74684503510242,3.79899777389887,1.92557525634766,1.87342251755121,1.89949888694943,11.6485231178696,11.0260852132046,11.3351679546605
917,353.4601667,3.85115051269531,3.7441718634658,3.79766118808055,1.92557525634766,1.8720859317329,1.89883059404028,11.6485231178696,11.0103577925589,11.3271933463654
918,353.461833366667,3.8487548828125,3.74149869182917,3.79512678732084,1.92437744140625,1.87074934591459,1.89756339366042,11.6340355663821,10.9946415965828,11.312079797864
919,353.463500033333,3.7845458984375,3.73882552019254,3.76168570931502,1.89227294921875,1.86941276009627,1.88084285465751,11.249091120838,10.9789366252763,11.113603433208
920,353.4651667,3.7845458984375,3.73615234855592,3.76034912349671,1.89227294921875,1.86807617427796,1.88017456174835,11.249091120838,10.9632428786394,11.1057071617452
921,353.466833366667,3.87382507324219,3.73347917691929,3.80365212508074,1.93691253662109,1.86673958845965,1.90182606254037,11.7860937952577,10.9475603566721,11.3629595848286
922,353.468500033333,3.87382507324219,3.73080600528266,3.80231553926243,1.93691253662109,1.86540300264133,1.90115776963121,11.7860937952577,10.9318890593744,11.3549752047041
923,353.4701667,3.87382507324219,3.72813283364604,3.80097895344411,1.93691253662109,1.86406641682302,1.90048947672206,11.7860937952577,10.9162289867463,11.346993630747
924,353.471833366667,3.88616943359375,3.72545966200941,3.80581454780158,1.94308471679688,1.86272983100471,1.90290727390079,11.86132878848,10.9005801387878,11.3758832202081
925,353.473500033333,3.88792419433594,3.72278649037279,3.80535534235436,1.94396209716797,1.86139324518639,1.90267767117718,11.8720429344243,10.8849425154988,11.3731381824124
926,353.4751667,3.88616943359375,3.72011331873616,3.80314137616495,1.94308471679688,1.86005665936808,1.90157068808248,11.86132878848,10.8693161168794,11.3599081860958
927,353.476833366667,3.88792419433594,3.71744014709953,3.80268217071773,1.94396209716797,1.85872007354977,1.90134108535887,11.8720429344243,10.8537009429297,11.3571650765075
928,353.478500033333,3.88491821289063,3.71476697546291,3.79984259417677,1.94245910644531,1.85738348773145,1.89992129708838,11.8536920905866,10.8380969936495,11.3402099394606
929,353.4801667,3.88491821289063,3.71209380382628,3.79850600835845,1.94245910644531,1.85604690191314,1.89925300417923,11.8536920905866,10.8225042690389,11.3322335574619
930,353.481833366667,3.88491821289063,3.70942063218965,3.79716942254014,1.94245910644531,1.85471031609483,1.89858471127007,11.8536920905866,10.8069227690979,11.3242599816305
931,353.483500033333,3.89279174804688,3.70674746055303,3.79976960429995,1.94639587402344,1.85337373027651,1.89988480214998,11.9017883605036,10.7913524938265,11.3397742832163
932,353.4851667,3.89724731445313,3.7040742889164,3.80066080168476,1.94862365722656,1.8520371444582,1.90033040084238,11.9290487739064,10.7757934432247,11.3450941648751
933,353.486833366667,3.90794372558594,3.70140111727977,3.80467242143286,1.95397186279297,1.85070055863989,1.90233621071643,11.9946197284684,10.7602456172924,11.3690564311075
934,353.488500033333,3.89724731445313,3.69872794564315,3.79798763004814,1.94862365722656,1.84936397282157,1.89899381502407,11.9290487739064,10.7447090160298,11.3291407713849
935,353.4901667,3.87522888183594,3.69605477400652,3.78564182792123,1.93761444091797,1.84802738700326,1.89282091396061,11.7946375045546,10.7291836394367,11.25560709182
936,353.491833366667,3.87522888183594,3.69338160236989,3.78430524210292,1.93761444091797,1.84669080118495,1.89215262105146,11.7946375045546,10.7136694875133,11.2476605243881
937,353.493500033333,3.87962341308594,3.69070843073327,3.7851659219096,1.93981170654297,1.84535421536663,1.8925829609548,11.8214030420296,10.6981665602594,11.2527773077971
938,353.4951667,3.87962341308594,3.68803525909664,3.78382933609129,1.93981170654297,1.84401762954832,1.89191466804564,11.8214030420296,10.6826748576751,11.2448317395319
939,353.496833366667,3.86653137207031,3.68536208746001,3.77594672976516,1.93326568603516,1.84268104373001,1.88797336488258,11.7417534768083,10.6671943797604,11.1980292828479
940,353.498500033333,3.84921264648438,3.68268891582339,3.76595078115388,1.92460632324219,1.84134445791169,1.88297539057694,11.6368031916077,10.6517251265153,11.1388193562771
941,353.5001667,3.84921264648438,3.68001574418676,3.76461419533557,1.92460632324219,1.84000787209338,1.88230709766778,11.6368031916077,10.6362670979398,11.1309141302786
942,353.501833366667,3.85134887695313,3.67734257255014,3.76434572475163,1.92567443847656,1.83867128627507,1.88217286237581,11.6497231281749,10.6208202940339,11.1293266016202
943,353.503500033333,3.85134887695313,3.67466940091351,3.76300913893332,1.92567443847656,1.83733470045675,1.88150456946666,11.6497231281749,10.6053847147975,11.1214247454441
944,353.5051667,3.85134887695313,3.67199622927688,3.761672553115,1.92567443847656,1.83599811463844,1.8808362765575,11.6497231281749,10.5899603602308,11.1135256954354
945,353.506833366667,3.86302185058594,3.66932305764026,3.7661724541131,1.93151092529297,1.83466152882013,1.88308622705655,11.7204479548335,10.5745472303336,11.1401307104945
946,353.508500033333,3.86302185058594,3.66664988600363,3.76483586829478,1.93151092529297,1.83332494300181,1.88241793414739,11.7204479548335,10.559145325106,11.1322250190927
947,353.5101667,3.84530639648438,3.663976714367,3.75464155542569,1.92265319824219,1.8319883571835,1.87732077771284,11.6131967028398,10.5437546445481,11.0720196117234
948,353.511833366667,3.84530639648438,3.66130354273038,3.75330496960738,1.92265319824219,1.83065177136519,1.87665248480369,11.6131967028398,10.5283751886597,11.0641381294905
949,353.513500033333,3.86116027832031,3.66130354273038,3.76123191052534,1.93058013916016,1.83065177136519,1.88061595526267,11.7091546178607,10.5283751886597,11.1109221695566
950,353.5151667,3.86116027832031,3.67799377441406,3.76957702636719,1.93058013916016,1.83899688720703,1.88478851318359,11.7091546178607,10.6245822010205,11.1602808885982
951,353.516833366667,3.85099792480469,3.72999572753906,3.79049682617188,1.92549896240234,1.86499786376953,1.89524841308594,11.6476000750784,10.9271410748977,11.2844957169529
952,353.518500033333,3.85099792480469,3.72999572753906,3.79049682617188,1.92549896240234,1.86499786376953,1.89524841308594,11.6476000750784,10.9271410748977,11.2844957169529
953,353.5201667,3.85212707519531,3.72422790527344,3.78817749023438,1.92606353759766,1.86211395263672,1.89408874511719,11.6544314577814,10.8933731659288,11.2706903872541
954,353.521833366667,3.85212707519531,3.48937225341797,3.67074966430664,1.92606353759766,1.74468612670898,1.83537483215332,11.6544314577814,9.5627871230278,10.5827714460518
955,353.523500033333,3.8607177734375,3.48937225341797,3.67504501342773,1.93035888671875,1.74468612670898,1.83752250671387,11.706470936886,9.5627871230278,10.6075529200826
956,353.5251667,3.8399658203125,3.72758483886719,3.78377532958984,1.91998291015625,1.86379241943359,1.89188766479492,11.5809609920931,10.913020089902,11.2445107474185
957,353.526833366667,3.84754943847656,3.72758483886719,3.78756713867188,1.92377471923828,1.86379241943359,1.89378356933594,11.6267490612699,10.913020089902,11.2670588101558
958,353.528500033333,3.84754943847656,3.72758483886719,3.78756713867188,1.92377471923828,1.86379241943359,1.89378356933594,11.6267490612699,10.913020089902,11.2670588101558
959,353.5301667,3.84754943847656,3.74842834472656,3.79798889160156,1.92377471923828,1.87421417236328,1.89899444580078,11.6267490612699,11.0354057990495,11.3291482976436
960,353.531833366667,3.85931396484375,3.74842834472656,3.80387115478516,1.92965698242188,1.87421417236328,1.90193557739258,11.6979592259963,11.0354057990495,11.3642682730344
961,353.533500033333,3.81025695800781,3.71870422363281,3.76448059082031,1.90512847900391,1.85935211181641,1.88224029541016,11.4024561568787,10.8610835722519,11.1301240817261
962,353.5351667,3.81025695800781,3.46946716308594,3.63986206054688,1.90512847900391,1.73473358154297,1.81993103027344,11.4024561568787,9.45399665405095,10.4054228244727
963,353.536833366667,3.80865478515625,3.46946716308594,3.63906097412109,1.90432739257813,1.73473358154297,1.81953048706055,11.392868947933,9.45399665405095,10.4008431313101
964,353.538500033333,3.80339050292969,3.71600341796875,3.75969696044922,1.90169525146484,1.85800170898438,1.87984848022461,11.3613965082939,10.8453130123505,11.1018553365394
965,353.5401667,3.80339050292969,3.74484252929688,3.77411651611328,1.90169525146484,1.87242126464844,1.88705825805664,11.3613965082939,11.0143025538432,11.1871764713072
966,353.541833366667,3.80345153808594,3.71600341796875,3.75972747802734,1.90172576904297,1.85800170898438,1.87986373901367,11.3617611567172,10.8453130123505,11.1020355654867
967,353.543500033333,3.80345153808594,3.74484252929688,3.77414703369141,1.90172576904297,1.87242126464844,1.8870735168457,11.3617611567172,11.0143025538432,11.1873573914832
968,353.5451667,3.8104248046875,3.883056640625,3.84674072265625,1.90521240234375,1.9415283203125,1.92337036132813,11.4034607644847,11.8423347253468,11.6218619257697
969,353.546833366667,3.78602600097656,3.91696929931641,3.85149765014648,1.89301300048828,1.9584846496582,1.92574882507324,11.2578916821595,12.0500879471023,11.6506231764655
970,353.548500033333,3.76852416992188,3.95088195800781,3.85970306396484,1.88426208496094,1.97544097900391,1.92985153198242,11.1540475458916,12.2596476921069,11.7003181401174
971,353.5501667,3.7562255859375,3.98479461669922,3.87051010131836,1.87811279296875,1.99239730834961,1.93525505065918,11.0813638413864,12.4710139603604,11.7659308543731
972,353.551833366667,3.74290466308594,3.98479461669922,3.86384963989258,1.87145233154297,1.99239730834961,1.93192481994629,11.0029062283519,12.4710139603604,11.7254715355258
973,353.553500033333,3.7562255859375,3.85745239257813,3.80683898925781,1.87811279296875,1.92872619628906,1.90341949462891,11.0813638413864,11.6866767314408,11.3820083189042
974,353.5551667,3.76771545410156,3.85565185546875,3.81168365478516,1.88385772705078,1.92782592773438,1.90584182739258,11.14926079839,11.6757693334696,11.4109967321023
975,353.556833366667,3.76771545410156,3.85349273681641,3.81060409545898,1.88385772705078,1.9267463684082,1.90530204772949,11.14926079839,11.6626964141186,11.4045339169458
976,353.558500033333,3.76771545410156,3.85349273681641,3.81060409545898,1.88385772705078,1.9267463684082,1.90530204772949,11.14926079839,11.6626964141186,11.4045339169458
977,353.5601667,3.77072143554688,3.88040161132813,3.8255615234375,1.88536071777344,1.94020080566406,1.91278076171875,11.1670582360448,11.8261459341729,11.4942400509949
978,353.561833366667,3.77072143554688,3.9482421875,3.85948181152344,1.88536071777344,1.97412109375,1.92974090576172,11.1670582360448,12.2432706678124,11.6989767676267
979,353.563500033333,3.77072143554688,3.95622253417969,3.86347198486328,1.88536071777344,1.97811126708984,1.93173599243164,11.1670582360448,12.2928138736115,11.7231795380092
980,353.5651667,3.76597595214844,3.95622253417969,3.86109924316406,1.88298797607422,1.97811126708984,1.93054962158203,11.1389682568415,12.2928138736115,11.7087844366812
981,353.566833366667,3.76597595214844,3.76278686523438,3.76438140869141,1.88298797607422,1.88139343261719,1.8821907043457,11.1389682568415,11.1201109419872,11.1295376024855
982,353.568500033333,3.7518310546875,3.76278686523438,3.75730895996094,1.87591552734375,1.88139343261719,1.87865447998047,11.055450108444,11.1201109419872,11.0877569574225
983,353.5701667,3.7518310546875,3.77755737304688,3.76469421386719,1.87591552734375,1.88877868652344,1.88234710693359,11.055450108444,11.2075844374037,11.1313873202651
984,353.571833366667,3.7518310546875,3.89825439453125,3.82504272460938,1.87591552734375,1.94912719726563,1.91252136230469,11.055450108444,11.9352146949246,11.4911227078879
985,353.573500033333,3.75611877441406,3.90110778808594,3.82861328125,1.87805938720703,1.95055389404297,1.914306640625,11.0807336340157,11.9526934559909,11.5125859214598
986,353.5751667,3.75611877441406,3.90110778808594,3.82861328125,1.87805938720703,1.95055389404297,1.914306640625,11.0807336340157,11.9526934559909,11.5125859214598
987,353.576833366667,3.75611877441406,3.90394592285156,3.83003234863281,1.87805938720703,1.95197296142578,1.91501617431641,11.0807336340157,11.9700914345379,11.5211217341078
988,353.578500033333,3.7420654296875,3.90394592285156,3.82300567626953,1.87103271484375,1.95197296142578,1.91150283813477,10.9979726422768,11.9700914345379,11.4788866409495
989,353.5801667,3.7420654296875,3.90135192871094,3.82170867919922,1.87103271484375,1.95067596435547,1.91085433959961,10.9979726422768,11.9541895589038,11.4710992829748
990,353.581833366667,3.74491882324219,3.81135559082031,3.77813720703125,1.87245941162109,1.90567779541016,1.88906860351563,11.0147513487659,11.4090325734415,11.2110253048439
991,353.583500033333,3.74491882324219,3.81135559082031,3.77813720703125,1.87245941162109,1.90567779541016,1.88906860351563,11.0147513487659,11.4090325734415,11.2110253048439
992,353.5851667,3.73779296875,3.82206726074219,3.77993011474609,1.868896484375,1.91103363037109,1.88996505737305,10.9728733567908,11.4732519941295,11.2216681703334
993,353.586833366667,3.73513793945313,3.82206726074219,3.77860260009766,1.86756896972656,1.91103363037109,1.88930130004883,10.957290389252,11.4732519941295,11.2137874357606
994,353.588500033333,3.73513793945313,3.87052917480469,3.80283355712891,1.86756896972656,1.93526458740234,1.90141677856445,10.957290389252,11.7660468173177,11.3580693617506
995,353.5901667,3.73731994628906,3.88449096679688,3.81090545654297,1.86865997314453,1.94224548339844,1.90545272827148,10.9700962703254,11.8510850008709,11.4063378401664
996,353.591833366667,3.73731994628906,3.88449096679688,3.81090545654297,1.86865997314453,1.94224548339844,1.90545272827148,10.9700962703254,11.8510850008709,11.4063378401664
997,353.593500033333,3.73519897460938,3.87823486328125,3.80671691894531,1.86759948730469,1.93911743164063,1.90335845947266,10.9576484940427,11.8129425974581,11.3812783783736
998,353.5951667,3.72959899902344,3.87823486328125,3.80391693115234,1.86479949951172,1.93911743164063,1.90195846557617,10.9248167409142,11.8129425974581,11.3645417933648
999,353.596833366667,3.73519897460938,3.88227844238281,3.80873870849609,1.86759948730469,1.94113922119141,1.90436935424805,10.9576484940427,11.8375885877196,11.3933710349955
1000,353.598500033333,3.74191284179688,3.88227844238281,3.81209564208984,1.87095642089844,1.94113922119141,1.90604782104492,10.9970757454889,11.8375885877196,11.4134635894168
1001,353.6001667,3.76167297363281,3.87843322753906,3.82005310058594,1.88083648681641,1.93921661376953,1.91002655029297,11.1135281802002,11.814151046972,11.4611627887599
1002,353.601833366667,3.76167297363281,3.87507629394531,3.81837463378906,1.88083648681641,1.93753814697266,1.90918731689453,11.1135281802002,11.7937086905515,11.4510933188118
1003,353.603500033333,3.76167297363281,3.86851501464844,3.81509399414063,1.88083648681641,1.93425750732422,1.90754699707031,11.1135281802002,11.7538042864301,11.4314248597701
1004,353.6051667,3.74148559570313,3.85035705566406,3.79592132568359,1.87074279785156,1.92517852783203,1.8979606628418,10.9945646290508,11.6437236947316,11.3168168318057
1005,353.606833366667,3.74148559570313,3.86851501464844,3.80500030517578,1.87074279785156,1.93425750732422,1.90250015258789,10.9945646290508,11.7538042864301,11.3710160686214
1006,353.608500033333,3.73722839355469,3.85035705566406,3.79379272460938,1.86861419677734,1.92517852783203,1.89689636230469,10.9695588103152,11.6437236947316,11.3041283526053
1007,353.6101667,3.73722839355469,3.86842346191406,3.80282592773438,1.86861419677734,1.93421173095703,1.90141296386719,10.9695588103152,11.7532479591654,11.3580237877837
1008,353.611833366667,3.75578308105469,3.80751037597656,3.78164672851563,1.87789154052734,1.90375518798828,1.89082336425781,11.0787530989471,11.3860234102175,11.2318628795554
1009,353.613500033333,3.75578308105469,3.86842346191406,3.81210327148438,1.87789154052734,1.93421173095703,1.90605163574219,11.0787530989471,11.7532479591654,11.413509274474
1010,353.6151667,3.75335693359375,3.86990356445313,3.81163024902344,1.87667846679688,1.93495178222656,1.90581512451172,11.0644444945248,11.7622435307585,11.4106769738231
1011,353.616833366667,3.74363708496094,3.88677978515625,3.81520843505859,1.87181854248047,1.94338989257813,1.9076042175293,11.0072128075553,11.8650548993446,11.4321106842231
1012,353.618500033333,3.74363708496094,3.88499450683594,3.81431579589844,1.87181854248047,1.94249725341797,1.90715789794922,11.0072128075553,11.8541576724942,11.4267617990663
1013,353.6201667,3.75485229492188,3.88499450683594,3.81992340087891,1.87742614746094,1.94249725341797,1.90996170043945,11.0732625411919,11.8541576724942,11.4603845355882
1014,353.621833366667,3.75485229492188,3.86404418945313,3.8094482421875,1.87742614746094,1.93202209472656,1.90472412109375,11.0732625411919,11.7266523489514,11.3976163950547
1015,353.623500033333,3.74748229980469,3.8507080078125,3.79909515380859,1.87374114990234,1.92535400390625,1.8995475769043,11.0298361729493,11.6458463945334,11.3357490720209
1016,353.6251667,3.74748229980469,3.8507080078125,3.79909515380859,1.87374114990234,1.92535400390625,1.8995475769043,11.0298361729493,11.6458463945334,11.3357490720209
1017,353.626833366667,3.74551391601563,3.8734130859375,3.80946350097656,1.87275695800781,1.93670654296875,1.90473175048828,11.0182522629587,11.7835869898563,11.3977077018065
1018,353.628500033333,3.74551391601563,3.8734130859375,3.80946350097656,1.87275695800781,1.93670654296875,1.90473175048828,11.0182522629587,11.7835869898563,11.3977077018065
1019,353.6301667,3.74264526367188,3.86837768554688,3.80551147460938,1.87132263183594,1.93418884277344,1.90275573730469,11.0013811836162,11.7529698004704,11.3740714724627
1020,353.631833366667,3.73789978027344,3.86384582519531,3.80087280273438,1.86894989013672,1.93192291259766,1.90043640136719,10.9735004894734,11.7254483829157,11.3463598600142
1021,353.633500033333,3.73667907714844,3.86837768554688,3.80252838134766,1.86833953857422,1.93418884277344,1.90126419067383,10.9663343267454,11.7529698004704,11.3562464743914
1022,353.6351667,3.73667907714844,3.85816955566406,3.79742431640625,1.86833953857422,1.92908477783203,1.89871215820313,10.9663343267454,11.6910226216303,11.3257803674586
1023,353.636833366667,3.739013671875,3.87442016601563,3.80671691894531,1.8695068359375,1.93721008300781,1.90335845947266,10.9800416553792,11.7897152070869,11.3812783783736
1024,353.638500033333,3.74757385253906,3.863525390625,3.80554962158203,1.87378692626953,1.9317626953125,1.90277481079102,11.030375107581,11.7235036452696,11.3742995041326
1025,353.6401667,3.75381469726563,3.863525390625,3.80867004394531,1.87690734863281,1.9317626953125,1.90433502197266,11.0671435235217,11.7235036452696,11.3929602356669
1026,353.641833366667,3.7606201171875,3.863525390625,3.81207275390625,1.88031005859375,1.9317626953125,1.90603637695313,11.1073079093981,11.7235036452696,11.4133265347936
1027,353.643500033333,3.76089477539063,3.83407592773438,3.7974853515625,1.88044738769531,1.91703796386719,1.89874267578125,11.1089304208679,11.5454615593878,11.326144443881
1028,353.6451667,3.7606201171875,3.86012268066406,3.81037139892578,1.88031005859375,1.93006134033203,1.90518569946289,11.1073079093981,11.7028623336361,11.4031411118099
1029,353.646833366667,3.74797058105469,3.86012268066406,3.80404663085938,1.87398529052734,1.93006134033203,1.90202331542969,11.0327106431283,11.7028623336361,11.3653167855091
1030,353.648500033333,3.74797058105469,3.86787414550781,3.80792236328125,1.87398529052734,1.93393707275391,1.90396118164063,11.0327106431283,11.7499102720687,11.3884875668023
1031,353.6501667,3.74797058105469,3.86787414550781,3.80792236328125,1.87398529052734,1.93393707275391,1.90396118164063,11.0327106431283,11.7499102720687,11.3884875668023
1032,353.651833366667,3.74270629882813,3.86235046386719,3.80252838134766,1.87135314941406,1.93117523193359,1.90126419067383,11.0017400081627,11.7163743204646,11.3562464743914
1033,353.653500033333,3.74111938476563,3.86235046386719,3.80173492431641,1.87055969238281,1.93117523193359,1.9008674621582,10.9924124717477,11.7163743204646,11.3515076519033
1034,353.6551667,3.72996520996094,3.86235046386719,3.79615783691406,1.86498260498047,1.93117523193359,1.89807891845703,10.9269622711984,11.7163743204646,11.3182271021605
1035,353.656833366667,3.72996520996094,3.84901428222656,3.78948974609375,1.86498260498047,1.92450714111328,1.89474487304688,10.9269622711984,11.6356038469302,11.2785002595381
1036,353.658500033333,3.72833251953125,3.84901428222656,3.78867340087891,1.86416625976563,1.92450714111328,1.89433670043945,10.9173984060364,11.6356038469302,11.2736414745216
1037,353.6601667,3.74371337890625,3.85694885253906,3.80033111572266,1.87185668945313,1.92847442626953,1.90016555786133,11.0076614580149,11.6836258444963,11.3431260039397
1038,353.661833366667,3.74398803710938,3.85694885253906,3.80046844482422,1.87199401855469,1.92847442626953,1.90023422241211,11.0092766753752,11.6836258444963,11.3439458111623
1039,353.663500033333,3.74398803710938,3.85694885253906,3.80046844482422,1.87199401855469,1.92847442626953,1.90023422241211,11.0092766753752,11.6836258444963,11.3439458111623
1040,353.6651667,3.75814819335938,3.86309814453125,3.81062316894531,1.87907409667969,1.93154907226563,1.90531158447266,11.092710638506,11.7209109126319,11.4046480850728
1041,353.666833366667,3.749755859375,3.86311340332031,3.80643463134766,1.8748779296875,1.93155670166016,1.90321731567383,11.0432236126014,11.7210035052887,11.3795904805458
1042,353.668500033333,3.75885009765625,3.86337280273438,3.81111145019531,1.87942504882813,1.93168640136719,1.90555572509766,11.0968545668202,11.7225776364119,11.4075709836918
1043,353.6701667,3.75709533691406,3.86337280273438,3.81023406982422,1.87854766845703,1.93168640136719,1.90511703491211,11.0864961970668,11.7225776364119,11.4023191683612
1044,353.671833366667,3.75709533691406,3.86131286621094,3.8092041015625,1.87854766845703,1.93065643310547,1.90460205078125,11.0864961970668,11.7100800964106,11.3961555367641
1045,353.673500033333,3.75538635253906,3.86131286621094,3.808349609375,1.87769317626953,1.93065643310547,1.9041748046875,11.0764126948084,11.7100800964106,11.3910432700576
1046,353.6751667,3.73866271972656,3.86749267578125,3.80307769775391,1.86933135986328,1.93374633789063,1.90153884887695,10.9779805297994,11.7475927126759,11.359527776968
1047,353.676833366667,3.73866271972656,3.86749267578125,3.80307769775391,1.86933135986328,1.93374633789063,1.90153884887695,10.9779805297994,11.7475927126759,11.359527776968
1048,353.678500033333,3.7401123046875,3.8736572265625,3.806884765625,1.87005615234375,1.93682861328125,1.9034423828125,10.9864951253807,11.7850724719841,11.3822820526378
1049,353.6801667,3.74742126464844,3.85470581054688,3.80106353759766,1.87371063232422,1.92735290527344,1.90053176879883,11.0294768905095,11.6700403685266,11.3474986514495
1050,353.681833366667,3.74742126464844,3.85311889648438,3.80027008056641,1.87371063232422,1.92655944824219,1.9001350402832,11.0294768905095,11.6604336488254,11.3427616546831
1051,353.683500033333,3.74742126464844,3.85311889648438,3.80027008056641,1.87371063232422,1.92655944824219,1.9001350402832,11.0294768905095,11.6604336488254,11.3427616546831
1052,353.6851667,3.75064086914063,3.857666015625,3.80415344238281,1.87532043457031,1.9288330078125,1.90207672119141,11.0484370261952,11.6879711674393,11.3659550341748
1053,353.686833366667,3.75064086914063,3.858154296875,3.80439758300781,1.87532043457031,1.9290771484375,1.90219879150391,11.0484370261952,11.6909301474698,11.3674139555618
1054,353.688500033333,3.74649047851563,3.87785339355469,3.81217193603516,1.87324523925781,1.93892669677734,1.90608596801758,11.0239985583607,11.8106188298067,11.4139204441038
1055,353.6901667,3.74649047851563,3.87785339355469,3.81217193603516,1.87324523925781,1.93892669677734,1.90608596801758,11.0239985583607,11.8106188298067,11.4139204441038
1056,353.691833366667,3.74755859375,3.87271118164063,3.81013488769531,1.873779296875,1.93635559082031,1.90506744384766,11.030285284228,11.7793167502694,11.4017255609608
1057,353.693500033333,3.74755859375,3.87271118164063,3.81013488769531,1.873779296875,1.93635559082031,1.90506744384766,11.030285284228,11.7793167502694,11.4017255609608
1058,353.6951667,3.74755859375,3.87271118164063,3.81013488769531,1.873779296875,1.93635559082031,1.90506744384766,11.030285284228,11.7793167502694,11.4017255609608
1059,353.696833366667,3.74803161621094,3.85699462890625,3.80251312255859,1.87401580810547,1.92849731445313,1.9012565612793,11.0330699782332,11.683903181397,11.3561553338636
1060,353.698500033333,3.74803161621094,3.85504150390625,3.80153656005859,1.87401580810547,1.92752075195313,1.9007682800293,11.0330699782332,11.6720730661338,11.350323100802
1061,353.7001667,3.74784851074219,3.85504150390625,3.80144500732422,1.87392425537109,1.92752075195313,1.90072250366211,11.0319919904735,11.6720730661338,11.3497764057557
1062,353.701833366667,3.74749755859375,3.86070251464844,3.80410003662109,1.87374877929688,1.93035125732422,1.90205001831055,11.0299259944736,11.7063784016487,11.3656359076019
1063,353.703500033333,3.74749755859375,3.86354064941406,3.80551910400391,1.87374877929688,1.93177032470703,1.90275955200195,11.0299259944736,11.7235962481669,11.3741170786138
1064,353.7051667,3.74725341796875,3.86354064941406,3.80539703369141,1.87362670898438,1.93177032470703,1.9026985168457,11.0284888939726,11.7235962481669,11.373387391168
1065,353.706833366667,3.75274658203125,3.86354064941406,3.80814361572266,1.87637329101563,1.93177032470703,1.90407180786133,11.0608463012171,11.7235962481669,11.3898110201923
1066,353.708500033333,3.75274658203125,3.87155151367188,3.81214904785156,1.87637329101563,1.93577575683594,1.90607452392578,11.0608463012171,11.7722632673436,11.4137833867376
1067,353.7101667,3.75741577148438,3.85929870605469,3.80835723876953,1.87870788574219,1.92964935302734,1.90417861938477,11.0883873644815,11.6978667244061,11.3910889102216
1068,353.711833366667,3.75741577148438,3.85847473144531,3.80794525146484,1.87870788574219,1.92923736572266,1.90397262573242,11.0883873644815,11.6928721816433,11.3886244722078
1069,353.713500033333,3.75526428222656,3.85847473144531,3.80686950683594,1.87763214111328,1.92923736572266,1.90343475341797,11.0756926201973,11.6928721816433,11.3821908076942
1070,353.7151667,3.75526428222656,3.85847473144531,3.80686950683594,1.87763214111328,1.92923736572266,1.90343475341797,11.0756926201973,11.6928721816433,11.3821908076942
1071,353.716833366667,3.75714111328125,3.86952209472656,3.81333160400391,1.87857055664063,1.93476104736328,1.90666580200195,11.0867663539656,11.759924755315,11.4208657610612
1072,353.718500033333,3.77581787109375,3.86952209472656,3.82266998291016,1.88790893554688,1.93476104736328,1.91133499145508,11.1972650037636,11.759924755315,11.4768708360231
1073,353.7201667,3.75714111328125,3.86952209472656,3.81333160400391,1.87857055664063,1.93476104736328,1.90666580200195,11.0867663539656,11.759924755315,11.4208657610612
1074,353.721833366667,3.74874877929688,3.85502624511719,3.80188751220703,1.87437438964844,1.92751312255859,1.90094375610352,11.0372926040425,11.6719806669479,11.352418887117
1075,353.723500033333,3.74493408203125,3.85502624511719,3.79998016357422,1.87246704101563,1.92751312255859,1.89999008178711,11.0148411088476,11.6719806669479,11.3410310756261
1076,353.7251667,3.74874877929688,3.84469604492188,3.79672241210938,1.87437438964844,1.92234802246094,1.89836120605469,11.0372926040425,11.6095103540886,11.3215939091901
1077,353.726833366667,3.75259399414063,3.85258483886719,3.80258941650391,1.87629699707031,1.92629241943359,1.90129470825195,11.0599468443225,11.6572015077937,11.3566110401599
1078,353.728500033333,3.77201843261719,3.85258483886719,3.81230163574219,1.88600921630859,1.92629241943359,1.90615081787109,11.1747417167783,11.6572015077937,11.4146971180553
1079,353.7301667,3.75259399414063,3.8656005859375,3.80909729003906,1.87629699707031,1.93280029296875,1.90454864501953,11.0599468443225,11.736100996697,11.3955164407031
1080,353.731833366667,3.77426147460938,3.8656005859375,3.81993103027344,1.88713073730469,1.93280029296875,1.90996551513672,11.1880358551725,11.736100996697,11.4604303144551
1081,353.733500033333,3.77426147460938,3.86103820800781,3.81764984130859,1.88713073730469,1.93051910400391,1.9088249206543,11.1880358551725,11.7084142613533,11.4467465066639
1082,353.7351667,3.77426147460938,3.86103820800781,3.81764984130859,1.88713073730469,1.93051910400391,1.9088249206543,11.1880358551725,11.7084142613533,11.4467465066639
1083,353.736833366667,3.7569580078125,3.8575439453125,3.8072509765625,1.87847900390625,1.92877197265625,1.90362548828125,11.0856857461197,11.6872314809483,11.3844720410024
1084,353.738500033333,3.7569580078125,3.87522888183594,3.81609344482422,1.87847900390625,1.93761444091797,1.90804672241211,11.0856857461197,11.7946375045546,11.43741508803
1085,353.7401667,3.75929260253906,3.86102294921875,3.81015777587891,1.87964630126953,1.93051147460938,1.90507888793945,11.0994674410969,11.7083217184357,11.4018625459125
1086,353.741833366667,3.76490783691406,3.86102294921875,3.81296539306641,1.88245391845703,1.93051147460938,1.9064826965332,11.132650630487,11.7083217184357,11.4186722748594
1087,353.743500033333,3.76597595214844,3.86102294921875,3.81349945068359,1.88298797607422,1.93051147460938,1.9067497253418,11.1389682568415,11.7083217184357,11.4218711793066
1088,353.7451667,3.77674865722656,3.85647583007813,3.81661224365234,1.88837432861328,1.92823791503906,1.90830612182617,11.2027862147728,11.6807602225945,11.4405251381246
1089,353.746833366667,3.77674865722656,3.8763427734375,3.82654571533203,1.88837432861328,1.93817138671875,1.91327285766602,11.2027862147728,11.801418954755,11.5001549960276
1090,353.748500033333,3.77363586425781,3.83769226074219,3.8056640625,1.88681793212891,1.91884613037109,1.90283203125,11.1843271715024,11.5672513856958,11.374983612857
1091,353.7501667,3.76058959960938,3.8487548828125,3.80467224121094,1.88029479980469,1.92437744140625,1.90233612060547,11.1071276376605,11.6340355663821,11.3690553540355
1092,353.751833366667,3.75062561035156,3.8487548828125,3.79969024658203,1.87531280517578,1.92437744140625,1.89984512329102,11.0483471293307,11.6340355663821,11.3393006285975
1093,353.753500033333,3.76058959960938,3.86430358886719,3.81244659423828,1.88029479980469,1.93215179443359,1.90622329711914,11.1071276376605,11.7282268593361,11.4155651966829
1094,353.7551667,3.77212524414063,3.86430358886719,3.81821441650391,1.88606262207031,1.93215179443359,1.90910720825195,11.1753745917801,11.7282268593361,11.4501323735045
1095,353.756833366667,3.78120422363281,3.86056518554688,3.82088470458984,1.89060211181641,1.93028259277344,1.91044235229492,11.2292344672601,11.7055456009707,11.4661533928443
1096,353.758500033333,3.77212524414063,3.84857177734375,3.81034851074219,1.88606262207031,1.92428588867188,1.90517425537109,11.1753745917801,11.6329286084557,11.4030041191779
1097,353.7601667,3.76348876953125,3.84857177734375,3.8060302734375,1.88174438476563,1.92428588867188,1.90301513671875,11.1242599846629,11.6329286084557,11.377172899021
1098,353.761833366667,3.762939453125,3.85707092285156,3.81000518798828,1.8814697265625,1.92853546142578,1.90500259399414,11.121012841955,11.6843654168796,11.4009493284447
1099,353.763500033333,3.762939453125,3.87551879882813,3.81922912597656,1.8814697265625,1.93775939941406,1.90961456298828,11.121012841955,11.796402351919,11.4562190414387
1100,353.7651667,3.77340698242188,3.87551879882813,3.824462890625,1.88670349121094,1.93775939941406,1.9122314453125,11.1829704896197,11.796402351919,11.487639118851
1101,353.766833366667,3.77340698242188,3.86962890625,3.82151794433594,1.88670349121094,1.934814453125,1.91075897216797,11.1829704896197,11.7605739893982,11.469954306139
1102,353.768500033333,3.77340698242188,3.86962890625,3.82151794433594,1.88670349121094,1.934814453125,1.91075897216797,11.1829704896197,11.7605739893982,11.469954306139
1103,353.7701667,3.77311706542969,3.87062072753906,3.82186889648438,1.88655853271484,1.93531036376953,1.91093444824219,11.1812521440323,11.7666034474065,11.4720611076786
1104,353.771833366667,3.76985168457031,3.87062072753906,3.82023620605469,1.88492584228516,1.93531036376953,1.91011810302734,11.1619072643661,11.7666034474065,11.4622615441046
1105,353.773500033333,3.76985168457031,3.84786987304688,3.80886077880859,1.88492584228516,1.92393493652344,1.9044303894043,11.1619072643661,11.6286857576211,11.3941013631995
1106,353.7751667,3.77900695800781,3.84786987304688,3.81343841552734,1.88950347900391,1.92393493652344,1.90671920776367,11.216187596217,11.6286857576211,11.4215055675517
1107,353.776833366667,3.77900695800781,3.87705993652344,3.82803344726563,1.88950347900391,1.93852996826172,1.91401672363281,11.216187596217,11.8057861252823,11.509099080356
1108,353.778500033333,3.78106689453125,3.87705993652344,3.82906341552734,1.89053344726563,1.93852996826172,1.91453170776367,11.2284188156392,11.8057861252823,11.5152931753935
1109,353.7801667,3.7802734375,3.8759765625,3.828125,1.89013671875,1.93798828125,1.9140625,11.2237067418767,11.7991892218319,11.5096495991045
1110,353.781833366667,3.78106689453125,3.8759765625,3.82852172851563,1.89053344726563,1.93798828125,1.91426086425781,11.2284188156392,11.7991892218319,11.5120353324913
1111,353.783500033333,3.7802734375,3.88632202148438,3.83329772949219,1.89013671875,1.94316101074219,1.91664886474609,11.2237067418767,11.8622602613367,11.5407752953403
1112,353.7851667,3.78080749511719,3.88632202148438,3.83356475830078,1.89040374755859,1.94316101074219,1.91678237915039,11.2268782211815,11.8622602613367,11.5423832199169
1113,353.786833366667,3.77694702148438,3.8973388671875,3.83714294433594,1.88847351074219,1.94866943359375,1.91857147216797,11.2039630422152,11.9296092463494,11.5639402154523
1114,353.788500033333,3.78080749511719,3.88595581054688,3.83338165283203,1.89040374755859,1.94297790527344,1.91669082641602,11.2268782211815,11.8600247879232,11.5412806309953
1115,353.7901667,3.78898620605469,3.88595581054688,3.83747100830078,1.89449310302734,1.94297790527344,1.91873550415039,11.2755031282498,11.8600247879232,11.5659176628952
1116,353.791833366667,3.78898620605469,3.88336181640625,3.83617401123047,1.89449310302734,1.94168090820313,1.91808700561523,11.2755031282498,11.8441962154567,11.5581008344357
1117,353.793500033333,3.77981567382813,3.88336181640625,3.83158874511719,1.88990783691406,1.94168090820313,1.91579437255859,11.2209886876303,11.8441962154567,11.5304872303211
1118,353.7951667,3.77981567382813,3.88336181640625,3.83158874511719,1.88990783691406,1.94168090820313,1.91579437255859,11.2209886876303,11.8441962154567,11.5304872303211
1119,353.796833366667,3.78256225585938,3.8857421875,3.83415222167969,1.89128112792969,1.94287109375,1.91707611083984,11.2373019504574,11.8587208590493,11.5459210482416
1120,353.798500033333,3.79011535644531,3.89340209960938,3.84175872802734,1.89505767822266,1.94670104980469,1.92087936401367,11.28222452292,11.9055208204327,11.5917779850642
1121,353.8001667,3.78913879394531,3.89431762695313,3.84172821044922,1.89456939697266,1.94715881347656,1.92086410522461,11.2764113077934,11.9111206075148,11.5915938237932
1122,353.801833366667,3.80134582519531,3.89968872070313,3.85051727294922,1.90067291259766,1.94984436035156,1.92525863647461,11.3491841676466,11.9439992115092,11.6446927293357
1123,353.803500033333,3.80055236816406,3.89968872070313,3.85012054443359,1.90027618408203,1.94984436035156,1.9250602722168,11.3444468190484,11.9439992115092,11.6422932887723
1124,353.8051667,3.80055236816406,3.89797973632813,3.84926605224609,1.90027618408203,1.94898986816406,1.92463302612305,11.3444468190484,11.9335329221063,11.6371261026582
1125,353.806833366667,3.80055236816406,3.89797973632813,3.84926605224609,1.90027618408203,1.94898986816406,1.92463302612305,11.3444468190484,11.9335329221063,11.6371261026582
1126,353.808500033333,3.80101013183594,3.88650512695313,3.84375762939453,1.90050506591797,1.94325256347656,1.92187881469727,11.3471797840874,11.8633780770411,11.6038437343711
1127,353.8101667,3.8040771484375,3.88650512695313,3.84529113769531,1.90203857421875,1.94325256347656,1.92264556884766,11.3654991404421,11.8633780770411,11.6131045369893
1128,353.811833366667,3.80101013183594,3.88650512695313,3.84375762939453,1.90050506591797,1.94325256347656,1.92187881469727,11.3471797840874,11.8633780770411,11.6038437343711
1129,353.813500033333,3.80743408203125,3.896728515625,3.85208129882813,1.90371704101563,1.9483642578125,1.92604064941406,11.3855671141823,11.9258730120917,11.6541544708838
1130,353.8151667,3.80535888671875,3.90644836425781,3.85590362548828,1.90267944335938,1.95322418212891,1.92795181274414,11.3731593686414,11.9854420841027,11.6772942142213
1131,353.816833366667,3.81983947753906,3.896728515625,3.85828399658203,1.90991973876953,1.9483642578125,1.92914199829102,11.4598809740872,11.9258730120917,11.6917161894916
1132,353.818500033333,3.80535888671875,3.90644836425781,3.85590362548828,1.90267944335938,1.95322418212891,1.92795181274414,11.3731593686414,11.9854420841027,11.6772942142213
1133,353.8201667,3.82075500488281,3.90707397460938,3.86391448974609,1.91037750244141,1.95353698730469,1.93195724487305,11.4653749702484,11.9892812834722,11.725865133395
1134,353.821833366667,3.82075500488281,3.91178894042969,3.86627197265625,1.91037750244141,1.95589447021484,1.93313598632813,11.4653749702484,12.0182355140807,11.740178058683
1135,353.823500033333,3.85308837890625,3.91246032714844,3.88277435302734,1.92654418945313,1.95623016357422,1.94138717651367,11.660248942983,12.0223612868499,11.8406129772405
1136,353.8251667,3.85308837890625,3.91246032714844,3.88277435302734,1.92654418945313,1.95623016357422,1.94138717651367,11.660248942983,12.0223612868499,11.8406129772405
1137,353.826833366667,3.81950378417969,3.92041015625,3.86995697021484,1.90975189208984,1.960205078125,1.93497848510742,11.4578668387161,12.0712680161258,11.7625681775613
1138,353.828500033333,3.81950378417969,3.92117309570313,3.87033843994141,1.90975189208984,1.96058654785156,1.9351692199707,11.4578668387161,12.0759667809911,11.764887213587
1139,353.8301667,3.81950378417969,3.92117309570313,3.87033843994141,1.90975189208984,1.96058654785156,1.9351692199707,11.4578668387161,12.0759667809911,11.764887213587
1140,353.831833366667,3.82682800292969,3.91036987304688,3.86859893798828,1.91341400146484,1.95518493652344,1.93429946899414,11.5018518114382,12.0095174606073,11.7543142646555
1141,353.833500033333,3.81263732910156,3.91036987304688,3.86150360107422,1.90631866455078,1.95518493652344,1.93075180053711,11.4167074556911,12.0095174606073,11.7112369960287
1142,353.8351667,3.81962585449219,3.89956665039063,3.85959625244141,1.90981292724609,1.94978332519531,1.9297981262207,11.4585992310974,11.9432514672656,11.6996705713835
1143,353.836833366667,3.81962585449219,3.90667724609375,3.86315155029297,1.90981292724609,1.95333862304688,1.93157577514648,11.4585992310974,11.9868465979206,11.7212349885309
1144,353.838500033333,3.82522583007813,3.90667724609375,3.86595153808594,1.91261291503906,1.95333862304688,1.93297576904297,11.4922228983553,11.9868465979206,11.738232099866
1145,353.8401667,3.82522583007813,3.91172790527344,3.86847686767578,1.91261291503906,1.95586395263672,1.93423843383789,11.4922228983553,12.0178604789389,11.753572481803
1146,353.841833366667,3.81639099121094,3.91726684570313,3.86682891845703,1.90819549560547,1.95863342285156,1.93341445922852,11.4391987415263,12.0519187484369,11.7435607042237
1147,353.843500033333,3.81639099121094,3.91726684570313,3.86682891845703,1.90819549560547,1.95863342285156,1.93341445922852,11.4391987415263,12.0519187484369,11.7435607042237
1148,353.8451667,3.83116149902344,3.91726684570313,3.87421417236328,1.91558074951172,1.95863342285156,1.93710708618164,11.5279159308962,12.0519187484369,11.7884615785025
1149,353.846833366667,3.83145141601563,3.92008972167969,3.87577056884766,1.91572570800781,1.96004486083984,1.93788528442383,11.5296607099504,12.0692948075337,11.797935089638
1150,353.848500033333,3.83145141601563,3.92008972167969,3.87577056884766,1.91572570800781,1.96004486083984,1.93788528442383,11.5296607099504,12.0692948075337,11.797935089638
1151,353.8501667,3.83145141601563,3.91455078125,3.87300109863281,1.91572570800781,1.957275390625,1.93650054931641,11.5296607099504,12.0352119774699,11.7810804510718
1152,353.851833366667,3.8277587890625,3.91455078125,3.87115478515625,1.91387939453125,1.957275390625,1.93557739257813,11.5074476031082,12.0352119774699,11.7698507186684
1153,353.853500033333,3.83282470703125,3.92790222167969,3.88036346435547,1.91641235351563,1.96395111083984,1.94018173217773,11.537927246742,12.1174494829921,11.8259134172876
1154,353.8551667,3.8277587890625,3.92790222167969,3.87783050537109,1.91387939453125,1.96395111083984,1.93891525268555,11.5074476031082,12.1174494829921,11.8104794110165
1155,353.856833366667,3.83282470703125,3.93452453613281,3.88367462158203,1.91641235351563,1.96726226806641,1.94183731079102,11.537927246742,12.1583431722984,11.8461043946429
1156,353.858500033333,3.82341003417969,3.92869567871094,3.87605285644531,1.91170501708984,1.96434783935547,1.93802642822266,11.4813150046377,12.122345555276,11.7996537321521
1157,353.8601667,3.83421325683594,3.93205261230469,3.88313293457031,1.91710662841797,1.96602630615234,1.94156646728516,11.5462886459078,12.1430706498737,11.8428000841594
1158,353.861833366667,3.85838317871094,3.92869567871094,3.89353942871094,1.92919158935547,1.96434783935547,1.94676971435547,11.6923172982788,12.122345555276,11.9063607045601
1159,353.863500033333,3.85838317871094,3.92666625976563,3.89252471923828,1.92919158935547,1.96333312988281,1.94626235961914,11.6923172982788,12.1098248788596,11.9001555932923
1160,353.8651667,3.86318969726563,3.92080688476563,3.89199829101563,1.93159484863281,1.96040344238281,1.94599914550781,11.7214664740589,12.0737112597481,11.8969370374208
1161,353.866833366667,3.85372924804688,3.89738464355469,3.87555694580078,1.92686462402344,1.94869232177734,1.93777847290039,11.6641280728844,11.9298894875083,11.7966345785065
1162,353.868500033333,3.85372924804688,3.92080688476563,3.88726806640625,1.92686462402344,1.96040344238281,1.94363403320313,11.6641280728844,12.0737112597481,11.8680362093567
1163,353.8701667,3.85372924804688,3.93881225585938,3.89627075195313,1.92686462402344,1.96940612792969,1.94813537597656,11.6641280728844,12.1848571630211,11.9230712204144
1164,353.871833366667,3.85650634765625,3.93881225585938,3.89765930175781,1.92825317382813,1.96940612792969,1.94882965087891,11.6809450908207,12.1848571630211,11.9315710035845
1165,353.873500033333,3.85650634765625,3.93363952636719,3.89507293701172,1.92825317382813,1.96681976318359,1.94753646850586,11.6809450908207,12.1528741291308,11.9157414230304
1166,353.8751667,3.84996032714844,3.93309020996094,3.89152526855469,1.92498016357422,1.96654510498047,1.94576263427734,11.6413243540122,12.1494801694274,11.8940453730171
1167,353.876833366667,3.84712219238281,3.93309020996094,3.89010620117188,1.92356109619141,1.96654510498047,1.94505310058594,11.6241670503588,12.1494801694274,11.8853724886023
1168,353.878500033333,3.84712219238281,3.95304870605469,3.90008544921875,1.92356109619141,1.97652435302734,1.95004272460938,11.6241670503588,12.2730982846523,11.9464295419537
1169,353.8801667,3.85014343261719,3.95304870605469,3.90159606933594,1.92507171630859,1.97652435302734,1.95079803466797,11.6424317113153,12.2730982846523,11.9556857554436
1170,353.881833366667,3.85014343261719,3.932373046875,3.89125823974609,1.92507171630859,1.9661865234375,1.94562911987305,11.6424317113153,12.1450498798366,11.8924131370279
1171,353.883500033333,3.85014343261719,3.91615295410156,3.88314819335938,1.92507171630859,1.95807647705078,1.94157409667969,11.6424317113153,12.0450656935168,11.8428931570191
1172,353.8851667,3.84173583984375,3.91615295410156,3.87894439697266,1.92086791992188,1.95807647705078,1.93947219848633,11.5916398639738,12.0450656935168,11.8172654132693
1173,353.886833366667,3.85482788085938,3.94775390625,3.90129089355469,1.92741394042969,1.973876953125,1.95064544677734,11.670779510812,12.2402425912351,11.9538155243981
1174,353.888500033333,3.85325622558594,3.94775390625,3.90050506591797,1.92662811279297,1.973876953125,1.95025253295898,11.6612648432194,12.2402425912351,11.9490003528097
1175,353.8901667,3.85325622558594,3.95161437988281,3.90243530273438,1.92662811279297,1.97580718994141,1.95121765136719,11.6612648432194,12.2641935461914,11.9608296451358
1176,353.891833366667,3.85325622558594,3.95161437988281,3.90243530273438,1.92662811279297,1.97580718994141,1.95121765136719,11.6612648432194,12.2641935461914,11.9608296451358
1177,353.893500033333,3.85107421875,3.95161437988281,3.90134429931641,1.925537109375,1.97580718994141,1.9506721496582,11.6480615919024,12.2641935461914,11.9541428042706
1178,353.8951667,3.85635375976563,3.947509765625,3.90193176269531,1.92817687988281,1.9737548828125,1.95096588134766,11.6800207643188,12.2387286933866,11.9577431785606
1179,353.896833366667,3.84626770019531,3.947509765625,3.89688873291016,1.92313385009766,1.9737548828125,1.94844436645508,11.6190038887324,12.2387286933866,11.926853716942
1180,353.898500033333,3.84414672851563,3.96592712402344,3.90503692626953,1.92207336425781,1.98296356201172,1.95251846313477,11.6061931405305,12.3531962371907,11.9767827339203
1181,353.9001667,3.84397888183594,3.96592712402344,3.90495300292969,1.92198944091797,1.98296356201172,1.95247650146484,11.6051796420399,12.3531962371907,11.9762679522032
1182,353.901833366667,3.84397888183594,3.94367980957031,3.89382934570313,1.92198944091797,1.97183990478516,1.94691467285156,11.6051796420399,12.214991675936,11.9081338905575
1183,353.903500033333,3.84521484375,3.94326782226563,3.89424133300781,1.922607421875,1.97163391113281,1.94712066650391,11.6126437132227,12.2124396641716,11.9106539083035
1184,353.9051667,3.86750793457031,3.94326782226563,3.90538787841797,1.93375396728516,1.97163391113281,1.95269393920898,11.7476854106629,12.2124396641716,11.978935577332
1185,353.906833366667,3.88333129882813,3.969970703125,3.92665100097656,1.94166564941406,1.9849853515625,1.96332550048828,11.8440100598626,12.3783992170531,12.1097307629393
1186,353.908500033333,3.88920593261719,3.969970703125,3.92958831787109,1.94460296630859,1.9849853515625,1.96479415893555,11.8798719760553,12.3783992170531,12.127854818679
1187,353.9101667,3.88920593261719,3.95986938476563,3.92453765869141,1.94460296630859,1.97993469238281,1.9622688293457,11.8798719760553,12.3154873796083,12.0966992410613
1188,353.911833366667,3.87690734863281,3.95986938476563,3.91838836669922,1.93845367431641,1.97993469238281,1.95919418334961,11.8048568724037,12.3154873796083,12.0588207111313
1189,353.913500033333,3.86039733886719,3.95986938476563,3.91013336181641,1.93019866943359,1.97993469238281,1.9550666809082,11.7045277737055,12.3154873796083,12.0080647592279
1190,353.9151667,3.86039733886719,3.96437072753906,3.91238403320313,1.93019866943359,1.98218536376953,1.95619201660156,11.7045277737055,12.3435023129427,12.0218924133766
1191,353.916833366667,3.87083435058594,3.96403503417969,3.91743469238281,1.93541717529297,1.98201751708984,1.95871734619141,11.767902302149,12.3414119653913,12.0529515695151
1192,353.918500033333,3.87083435058594,3.97109985351563,3.92096710205078,1.93541717529297,1.98554992675781,1.96048355102539,11.767902302149,12.3854416176431,12.0746980243708
1193,353.9201667,3.8646240234375,3.96495056152344,3.91478729248047,1.93231201171875,1.98247528076172,1.95739364624023,11.7301719886786,12.3471133301904,12.0366663199691
1194,353.921833366667,3.8646240234375,3.96495056152344,3.91478729248047,1.93231201171875,1.98247528076172,1.95739364624023,11.7301719886786,12.3471133301904,12.0366663199691
1195,353.923500033333,3.87005615234375,3.96212768554688,3.91609191894531,1.93502807617188,1.98106384277344,1.95804595947266,11.7631711049385,12.3295383508076,12.0446902399805
1196,353.9251667,3.87226867675781,3.96212768554688,3.91719818115234,1.93613433837891,1.98106384277344,1.95859909057617,11.7766250404346,12.3295383508076,12.0514962434778
1197,353.926833366667,3.8734130859375,3.96482849121094,3.91912078857422,1.93670654296875,1.98241424560547,1.95956039428711,11.7835869898563,12.3463530721454,12.0633291818072
1198,353.928500033333,3.87496948242188,3.96482849121094,3.91989898681641,1.93748474121094,1.98241424560547,1.9599494934082,11.7930585425102,12.3463530721454,12.0681203551845
1199,353.9301667,3.87496948242188,3.95602416992188,3.91549682617188,1.93748474121094,1.97801208496094,1.95774841308594,11.7930585425102,12.2915811857393,12.0410298746658
1200,353.931833366667,3.87496948242188,3.95602416992188,3.91549682617188,1.93748474121094,1.97801208496094,1.95774841308594,11.7930585425102,12.2915811857393,12.0410298746658
1201,353.933500033333,3.8948974609375,3.96632385253906,3.93061065673828,1.94744873046875,1.98316192626953,1.96530532836914,11.9146678203219,12.3556678460631,12.1341661109639
1202,353.9351667,3.8948974609375,3.96632385253906,3.93061065673828,1.94744873046875,1.98316192626953,1.96530532836914,11.9146678203219,12.3556678460631,12.1341661109639
1203,353.936833366667,3.88600158691406,3.95095825195313,3.91847991943359,1.94300079345703,1.97547912597656,1.9592399597168,11.8603042105794,12.2601211792581,12.0593842238839
1204,353.938500033333,3.88040161132813,3.95095825195313,3.91567993164063,1.94020080566406,1.97547912597656,1.95783996582031,11.8261459341729,12.2601211792581,12.0421560816683
1205,353.9401667,3.88600158691406,3.94593811035156,3.91596984863281,1.94300079345703,1.97296905517578,1.95798492431641,11.8603042105794,12.2289852173603,12.0439393504629
1206,353.941833366667,3.88108825683594,3.95761108398438,3.91934967041016,1.94054412841797,1.97880554199219,1.95967483520508,11.830331628981,12.3014444193483,12.0647382517006
1207,353.943500033333,3.89146423339844,3.97378540039063,3.93262481689453,1.94573211669922,1.98689270019531,1.96631240844727,11.8936722806306,12.4021991569876,12.1466051022407
1208,353.9451667,3.88108825683594,3.97378540039063,3.92743682861328,1.94054412841797,1.98689270019531,1.96371841430664,11.830331628981,12.4021991569876,12.1145782084206
1209,353.946833366667,3.87973022460938,3.97348022460938,3.92660522460938,1.93986511230469,1.98674011230469,1.96330261230469,11.8220539709034,12.4002943206149,12.1094484173728
1210,353.948500033333,3.87973022460938,3.97268676757813,3.92620849609375,1.93986511230469,1.98634338378906,1.96310424804688,11.8220539709034,12.3953424306917,12.1070015603428
1211,353.9501667,3.89498901367188,3.97268676757813,3.933837890625,1.94749450683594,1.98634338378906,1.9669189453125,11.9152279548309,12.3953424306917,12.1540998421753
1212,353.951833366667,3.89498901367188,3.97268676757813,3.933837890625,1.94749450683594,1.98634338378906,1.9669189453125,11.9152279548309,12.3953424306917,12.1540998421753
1213,353.953500033333,3.89772033691406,3.973388671875,3.93555450439453,1.94886016845703,1.9866943359375,1.96777725219727,11.9319446899158,12.39972289823,12.1647095561124
1214,353.9551667,3.89772033691406,3.98405456542969,3.94088745117188,1.94886016845703,1.99202728271484,1.97044372558594,11.9319446899158,12.4663821870398,12.1976999277338
1215,353.956833366667,3.89772033691406,3.98458862304688,3.94115447998047,1.94886016845703,1.99229431152344,1.97057723999023,11.9319446899158,12.4697246174655,12.1993529805901
1216,353.958500033333,3.88873291015625,3.99465942382813,3.94169616699219,1.94436645507813,1.99732971191406,1.97084808349609,11.8769823864352,12.5328371855573,12.2027066604444
1217,353.9601667,3.87983703613281,3.99465942382813,3.93724822998047,1.93991851806641,1.99732971191406,1.96862411499023,11.8227049176979,12.5328371855573,12.1751823437975
1218,353.961833366667,3.87983703613281,3.98115539550781,3.93049621582031,1.93991851806641,1.99057769775391,1.96524810791016,11.8227049176979,12.4482453821977,12.1334595414182
1219,353.963500033333,3.89482116699219,3.98115539550781,3.93798828125,1.94741058349609,1.99057769775391,1.968994140625,11.914201051622,12.4482453821977,12.1797597061659
1220,353.9651667,3.89482116699219,3.98324584960938,3.93903350830078,1.94741058349609,1.99162292480469,1.96951675415039,11.914201051622,12.4613216452765,12.1862261062145
1221,353.966833366667,3.88044738769531,3.98324584960938,3.93184661865234,1.94022369384766,1.99162292480469,1.96592330932617,11.8264249574525,12.4613216452765,12.141798372924
1222,353.968500033333,3.88044738769531,3.97714233398438,3.92879486083984,1.94022369384766,1.98857116699219,1.96439743041992,11.8264249574525,12.4231620123461,12.1229576338459
1223,353.9701667,3.89830017089844,3.97714233398438,3.93772125244141,1.94915008544922,1.98857116699219,1.9688606262207,11.9354950019148,12.4231620123461,12.1781079813649
1224,353.971833366667,3.90348815917969,3.99449157714844,3.94898986816406,1.95174407958984,1.99724578857422,1.97449493408203,11.9672844531587,12.5317840039509,12.2479081358615
1225,353.973500033333,3.90348815917969,3.99449157714844,3.94898986816406,1.95174407958984,1.99724578857422,1.97449493408203,11.9672844531587,12.5317840039509,12.2479081358615
1226,353.9751667,3.8968505859375,3.98948669433594,3.94316864013672,1.94842529296875,1.99474334716797,1.97158432006836,11.9266202121299,12.5004003764225,12.2118253307879
1227,353.976833366667,3.89300537109375,3.98858642578125,3.9407958984375,1.94650268554688,1.99429321289063,1.97039794921875,11.903094654916,12.4947593260901,12.1971331925385
1228,353.978500033333,3.89300537109375,3.98858642578125,3.9407958984375,1.94650268554688,1.99429321289063,1.97039794921875,11.903094654916,12.4947593260901,12.1971331925385
1229,353.9801667,3.90182495117188,3.98741149902344,3.94461822509766,1.95091247558594,1.99370574951172,1.97230911254883,11.9570885247317,12.487399192311,12.2208055869087
1230,353.981833366667,3.9022216796875,3.94239807128906,3.92230987548828,1.95111083984375,1.97119903564453,1.96115493774414,11.9595201864316,12.2070529593366,12.0829696367567
1231,353.983500033333,3.90423583984375,3.98741149902344,3.94582366943359,1.95211791992188,1.99370574951172,1.9729118347168,11.9718693596585,12.487399192311,12.2282758924998
1232,353.9851667,3.90611267089844,3.98001098632813,3.94306182861328,1.95305633544922,1.99000549316406,1.97153091430664,11.983382279355,12.4410897515655,12.2111637582707
1233,353.986833366667,3.90611267089844,3.98406982421875,3.94509124755859,1.95305633544922,1.99203491210938,1.9725456237793,11.983382279355,12.4664776788346,12.2237367005442
1234,353.988500033333,3.91249084472656,3.98406982421875,3.94828033447266,1.95624542236328,1.99203491210938,1.97414016723633,12.0225488387994,12.4664776788346,12.243507252067
1235,353.9901667,3.90545654296875,3.98406982421875,3.94476318359375,1.95272827148438,1.99203491210938,1.97238159179688,11.9793568084551,12.4664776788346,12.2217037940598
1236,353.991833366667,3.91438293457031,3.97869873046875,3.94654083251953,1.95719146728516,1.98934936523438,1.97327041625977,12.0341799167433,12.4328871603861,12.2327213344474
1237,353.993500033333,3.91566467285156,3.97869873046875,3.94718170166016,1.95783233642578,1.98934936523438,1.97359085083008,12.0420622290733,12.4328871603861,12.2366945405874
1238,353.9951667,3.91566467285156,3.97764587402344,3.9466552734375,1.95783233642578,1.98882293701172,1.97332763671875,12.0420622290733,12.4263079673877,12.2334307882276
1239,353.996833366667,3.91410827636719,4.00581359863281,3.9599609375,1.95705413818359,2.00290679931641,1.97998046875,12.0324911855552,12.6029250767021,12.316056857775
1240,353.998500033333,3.902099609375,4.00726318359375,3.95468139648438,1.9510498046875,2.00363159179688,1.97734069824219,11.9587719564991,12.6120479755646,12.2832384623686
1241,354.0001667,3.902099609375,4.00726318359375,3.95468139648438,1.9510498046875,2.00363159179688,1.97734069824219,11.9587719564991,12.6120479755646,12.2832384623686
1242,354.001833366667,3.91777038574219,3.99658203125,3.95717620849609,1.95888519287109,1.998291015625,1.97858810424805,12.0550173444315,12.544904058751,12.2987411205051
1243,354.003500033333,3.91777038574219,3.99653625488281,3.9571533203125,1.95888519287109,1.99826812744141,1.97857666015625,12.0550173444315,12.5446166847693,12.2985988498475
1244,354.0051667,3.90301513671875,3.98799133300781,3.94550323486328,1.95150756835938,1.99399566650391,1.97275161743164,11.9643842515308,12.4910311951185,12.2262898923349
1245,354.006833366667,3.90301513671875,3.98799133300781,3.94550323486328,1.95150756835938,1.99399566650391,1.97275161743164,11.9643842515308,12.4910311951185,12.2262898923349
1246,354.008500033333,3.91819763183594,3.98799133300781,3.95309448242188,1.95909881591797,1.99399566650391,1.97654724121094,12.0576467685176,12.4910311951185,12.2733825316466
1247,354.0101667,3.91819763183594,3.98442077636719,3.95130920410156,1.95909881591797,1.99221038818359,1.97565460205078,12.0576467685176,12.4686740910554,12.2622993379186
1248,354.011833366667,3.93116760253906,3.99537658691406,3.96327209472656,1.96558380126953,1.99768829345703,1.98163604736328,12.1376050431007,12.5373376418193,12.336661833815
1249,354.013500033333,3.92990112304688,4.02418518066406,3.97704315185547,1.96495056152344,2.01209259033203,1.98852157592773,12.1297857114056,12.7187899835806,12.4225424014854
1250,354.0151667,3.92990112304688,4.02418518066406,3.97704315185547,1.96495056152344,2.01209259033203,1.98852157592773,12.1297857114056,12.7187899835806,12.4225424014854
1251,354.016833366667,3.927490234375,4.01788330078125,3.97268676757813,1.9637451171875,2.00894165039063,1.98634338378906,12.1149076816645,12.6789858871802,12.3953424306917
1252,354.018500033333,3.91539001464844,4.01171112060547,3.96355056762695,1.95769500732422,2.00585556030273,1.98177528381348,12.0403729449021,12.6400614729078,12.3383955258817
1253,354.0201667,3.927490234375,4.00627136230469,3.96688079833984,1.9637451171875,2.00313568115234,1.98344039916992,12.1149076816645,12.6058056355461,12.3591380218327
1254,354.021833366667,3.93437194824219,4.00627136230469,3.97032165527344,1.96718597412109,2.00313568115234,1.98516082763672,12.1574001460462,12.6058056355461,12.3805878567902
1255,354.023500033333,3.94419860839844,4.00627136230469,3.97523498535156,1.97209930419922,2.00313568115234,1.98761749267578,12.2182056996415,12.6058056355461,12.4112491275552
1256,354.0251667,3.94419860839844,4.00259399414063,3.97339630126953,1.97209930419922,2.00129699707031,1.98669815063477,12.2182056996415,12.582674445022,12.3997705162592
1257,354.026833366667,3.94419860839844,4.00259399414063,3.97339630126953,1.97209930419922,2.00129699707031,1.98669815063477,12.2182056996415,12.582674445022,12.3997705162592
1258,354.028500033333,3.931884765625,4.00465393066406,3.96826934814453,1.9659423828125,2.00232696533203,1.98413467407227,12.1420339747377,12.5956291341225,12.3677918146179
1259,354.0301667,3.931884765625,4.00465393066406,3.96826934814453,1.9659423828125,2.00232696533203,1.98413467407227,12.1420339747377,12.5956291341225,12.3677918146179
1260,354.031833366667,3.96339416503906,4.00465393066406,3.98402404785156,1.98169708251953,2.00232696533203,1.99201202392578,12.3374217934247,12.5956291341225,12.4661912045475
1261,354.033500033333,3.96339416503906,3.99372863769531,3.97856140136719,1.98169708251953,1.99686431884766,1.98928070068359,12.3374217934247,12.5269973725685,12.4320289060306
1262,354.0351667,3.92594909667969,4.01556396484375,3.97075653076172,1.96297454833984,2.00778198242188,1.98537826538086,12.1054018259589,12.6643521420831,12.3833001352989
1263,354.036833366667,3.92594909667969,3.99372863769531,3.9598388671875,1.96297454833984,1.99686431884766,1.97991943359375,12.1054018259589,12.5269973725685,12.3152975564785
1264,354.038500033333,3.93116760253906,4.01411437988281,3.97264099121094,1.96558380126953,2.00705718994141,1.98632049560547,12.1376050431007,12.655210342319,12.3950567749073
1265,354.0401667,3.93257141113281,4.01411437988281,3.97334289550781,1.96628570556641,2.00705718994141,1.98667144775391,12.1462751982589,12.655210342319,12.3994371919749
1266,354.041833366667,3.94920349121094,4.01518249511719,3.98219299316406,1.97460174560547,2.00759124755859,1.99109649658203,12.2492332880194,12.6619460852897,12.4547349321478
1267,354.043500033333,3.94920349121094,4.02157592773438,3.98538970947266,1.97460174560547,2.01078796386719,1.99269485473633,12.2492332880194,12.7023017855581,12.4747391031389
1268,354.0451667,3.95063781738281,4.02400970458984,3.98732376098633,1.97531890869141,2.01200485229492,1.99366188049316,12.2581325946656,12.7176807927383,12.4868496589408
1269,354.046833366667,3.94468688964844,4.02400970458984,3.98434829711914,1.97234344482422,2.01200485229492,1.99217414855957,12.2212310493395,12.7176807927383,12.4682204683316
1270,354.048500033333,3.94395446777344,4.02400970458984,3.98398208618164,1.97197723388672,2.01200485229492,1.99199104309082,12.2166931652327,12.7176807927383,12.4659286060092
1271,354.0501667,3.93562316894531,4.02188110351563,3.97875213623047,1.96781158447266,2.01094055175781,1.98937606811523,12.1651340409482,12.7042296775196,12.4332209339691
1272,354.051833366667,3.93305969238281,3.99679565429688,3.96492767333984,1.96652984619141,1.99839782714844,1.98246383666992,12.1492916300082,12.5462451808541,12.346970780024
1273,354.053500033333,3.93562316894531,4.02188110351563,3.97875213623047,1.96781158447266,2.01094055175781,1.98937606811523,12.1651340409482,12.7042296775196,12.4332209339691
1274,354.0551667,3.94400024414063,3.93299865722656,3.93849945068359,1.97200012207031,1.96649932861328,1.9692497253418,12.2169767583026,12.1489145555587,12.1829218917808
1275,354.056833366667,3.95419311523438,4.00759887695313,3.98089599609375,1.97709655761719,2.00379943847656,1.99044799804688,12.2802054469799,12.614161117574,12.4466232589497
1276,354.058500033333,3.96055603027344,4.00759887695313,3.98407745361328,1.98027801513672,2.00379943847656,1.99203872680664,12.3197587867867,12.614161117574,12.4665254248691
1277,354.0601667,3.968017578125,4.04037475585938,4.00419616699219,1.9840087890625,2.02018737792969,2.00209808349609,12.3662224955352,12.8213329811251,12.5927497382984
1278,354.061833366667,3.96055603027344,4.04037475585938,4.00046539306641,1.98027801513672,2.02018737792969,2.0002326965332,12.3197587867867,12.8213329811251,12.569294935346
1279,354.063500033333,3.94680786132813,4.02143859863281,3.98412322998047,1.97340393066406,2.01071929931641,1.99206161499023,12.2343767586025,12.7014342819031,12.4668119029964
1280,354.0651667,3.94680786132813,4.02143859863281,3.98412322998047,1.97340393066406,2.01071929931641,1.99206161499023,12.2343767586025,12.7014342819031,12.4668119029964
1281,354.066833366667,3.93965148925781,4.008544921875,3.97409820556641,1.96982574462891,2.0042724609375,1.9870491027832,12.1900501134998,12.6201172883239,12.404151766093
1282,354.068500033333,3.95285034179688,4.02459716796875,3.98872375488281,1.97642517089844,2.01229858398438,1.99436187744141,12.2718665857128,12.7213943608633,12.4956197430042
1283,354.0701667,3.94290161132813,3.97607421875,3.95948791503906,1.97145080566406,1.988037109375,1.97974395751953,12.2101714330964,12.4164900928338,12.3131146956336
1284,354.071833366667,3.94290161132813,3.9996337890625,3.97126770019531,1.97145080566406,1.99981689453125,1.98563385009766,12.2101714330964,12.5640697485074,12.3864886319526
1285,354.073500033333,3.94290161132813,3.9996337890625,3.97126770019531,1.97145080566406,1.99981689453125,1.98563385009766,12.2101714330964,12.5640697485074,12.3864886319526
1286,354.0751667,3.95738220214844,4.02903747558594,3.99320983886719,1.97869110107422,2.01451873779297,1.99660491943359,12.3000215934534,12.7494806824056,12.5237429854902
1287,354.076833366667,3.95738220214844,4.04054260253906,3.99896240234375,1.97869110107422,2.02027130126953,1.99948120117188,12.3000215934534,12.8223982599669,12.5598520415773
1288,354.078500033333,3.95738220214844,4.04054260253906,3.99896240234375,1.97869110107422,2.02027130126953,1.99948120117188,12.3000215934534,12.8223982599669,12.5598520415773
1289,354.0801667,3.98040771484375,3.99514770507813,3.98777770996094,1.99020385742188,1.99757385253906,1.99388885498047,12.443570137215,12.5359012382159,12.4896930273785
1290,354.081833366667,3.98040771484375,3.99514770507813,3.98777770996094,1.99020385742188,1.99757385253906,1.99388885498047,12.443570137215,12.5359012382159,12.4896930273785
1291,354.083500033333,3.97201538085938,4.02043151855469,3.99622344970703,1.98600769042969,2.01021575927734,1.99811172485352,12.3911531424082,12.6950734936136,12.542653050656
1292,354.0851667,3.96696472167969,4.02043151855469,3.99369812011719,1.98348236083984,2.01021575927734,1.99684906005859,12.3596609672727,12.6950734936136,12.5268059263311
1293,354.086833366667,3.96696472167969,4.01945495605469,3.99320983886719,1.98348236083984,2.00972747802734,1.99660491943359,12.3596609672727,12.6889069779191,12.5237429854902
1294,354.088500033333,3.96696472167969,3.88478088378906,3.92587280273438,1.98348236083984,1.94239044189453,1.96293640136719,12.3596609672727,11.8528540661938,12.1049313359611
1295,354.0901667,3.96543884277344,4.01945495605469,3.99244689941406,1.98271942138672,2.00972747802734,1.99622344970703,12.350154596437,12.6889069779191,12.5189578901718
1296,354.091833366667,3.96543884277344,4.0238037109375,3.99462127685547,1.98271942138672,2.01190185546875,1.99731063842773,12.350154596437,12.7163787608577,12.5325978222154
1297,354.093500033333,3.96543884277344,4.03179931640625,3.99861907958984,1.98271942138672,2.01589965820313,1.99930953979492,12.350154596437,12.766965803874,12.5576955332358
1298,354.0951667,3.98574829101563,4.04823303222656,4.01699066162109,1.99287414550781,2.02411651611328,2.00849533081055,12.4769840090368,12.8712548640005,12.6733528205861
1299,354.096833366667,3.98574829101563,4.03179931640625,4.00877380371094,1.99287414550781,2.01589965820313,2.00438690185547,12.4769840090368,12.766965803874,12.6215585085851
1300,354.098500033333,3.98574829101563,4.04957580566406,4.01766204833984,1.99287414550781,2.02478790283203,2.00883102416992,12.4769840090368,12.8797949086877,12.677589540331
1301,354.1001667,3.98876953125,4.02113342285156,4.00495147705078,1.994384765625,2.01056671142578,2.00247573852539,12.4959065552254,12.6995066020646,12.5975009179184
1302,354.101833366667,3.98876953125,4.03501892089844,4.01189422607422,1.994384765625,2.01750946044922,2.00594711303711,12.4959065552254,12.7873641368836,12.6412153532001
1303,354.103500033333,3.96456909179688,4.03501892089844,3.99979400634766,1.98228454589844,2.01750946044922,1.99989700317383,12.3447376015174,12.7873641368836,12.5650763513965
1304,354.1051667,3.96211242675781,4.03759765625,3.99985504150391,1.98105621337891,2.018798828125,1.99992752075195,12.3294433849319,12.8037138817789,12.5654598297699
1305,354.106833366667,3.96456909179688,4.04310607910156,4.00383758544922,1.98228454589844,2.02155303955078,2.00191879272461,12.3447376015174,12.8386734722948,12.5904944414763
1306,354.108500033333,3.96601867675781,4.03759765625,4.00180816650391,1.98300933837891,2.018798828125,2.00090408325195,12.3537665865252,12.8037138817789,12.5777342274021
1307,354.1101667,3.97601318359375,4.03507995605469,4.00554656982422,1.98800659179688,2.01753997802734,2.00277328491211,12.4161088944183,12.7877509924034,12.6012449027161
1308,354.111833366667,3.98518371582031,4.03507995605469,4.0101318359375,1.99259185791016,2.01753997802734,2.00506591796875,12.4734495676875,12.7877509924034,12.6301114413976
1309,354.113500033333,3.99589538574219,4.03507995605469,4.01548767089844,1.99794769287109,2.01753997802734,2.00774383544922,12.5405937946397,12.7877509924034,12.6638709124379
1310,354.1151667,3.98944091796875,4.03742980957031,4.01343536376953,1.99472045898438,2.01871490478516,2.00671768188477,12.5001135126335,12.802649379381,12.6509292660293
1311,354.116833366667,3.98944091796875,4.03712463378906,4.01328277587891,1.99472045898438,2.01856231689453,2.00664138793945,12.5001135126335,12.8007140338518,12.6499673260749
1312,354.118500033333,3.98301696777344,4.03712463378906,4.01007080078125,1.99150848388672,2.01856231689453,2.00503540039063,12.4598896029976,12.8007140338518,12.6297269777489
1313,354.1201667,3.97308349609375,4.02871704101563,4.00090026855469,1.98654174804688,2.01435852050781,2.00045013427734,12.3978182520367,12.7474527976161,12.5720278050667
1314,354.121833366667,3.96971130371094,4.02871704101563,3.99921417236328,1.98485565185547,2.01435852050781,1.99960708618164,12.3767816511607,12.7474527976161,12.5614335987012
1315,354.123500033333,3.96971130371094,4.03103637695313,4.00037384033203,1.98485565185547,2.01551818847656,2.00018692016602,12.3767816511607,12.7621344620578,12.5687196322052
1316,354.1251667,3.97341918945313,4.03103637695313,4.00222778320313,1.98670959472656,2.01551818847656,2.00111389160156,12.3999133708954,12.7621344620578,12.5803720869939
1317,354.126833366667,3.97341918945313,4.00746154785156,3.99044036865234,1.98670959472656,2.00373077392578,1.99522018432617,12.3999133708954,12.6132966289932,12.5063774539632
1318,354.128500033333,3.97341918945313,4.00746154785156,3.99044036865234,1.98670959472656,2.00373077392578,1.99522018432617,12.3999133708954,12.6132966289932,12.5063774539632
1319,354.1301667,3.98318481445313,4.0421142578125,4.01264953613281,1.99159240722656,2.02105712890625,2.00632476806641,12.4609397592894,12.8323752908645,12.645975666092
1320,354.131833366667,3.98318481445313,4.0421142578125,4.01264953613281,1.99159240722656,2.02105712890625,2.00632476806641,12.4609397592894,12.8323752908645,12.645975666092
1321,354.133500033333,3.98268127441406,4.0421142578125,4.01239776611328,1.99134063720703,2.02105712890625,2.00619888305664,12.4577894231739,12.8323752908645,12.6443887955581
1322,354.1351667,3.98219299316406,4.06292724609375,4.02256011962891,1.99109649658203,2.03146362304688,2.01128005981445,12.4547349321478,12.9648642121656,12.7085197620017
1323,354.136833366667,3.98219299316406,4.06292724609375,4.02256011962891,1.99109649658203,2.03146362304688,2.01128005981445,12.4547349321478,12.9648642121656,12.7085197620017
1324,354.138500033333,3.98219299316406,4.04368591308594,4.012939453125,1.99109649658203,2.02184295654297,2.0064697265625,12.4547349321478,12.8423562017867,12.6478030948974
1325,354.1401667,3.98594665527344,4.03208923339844,4.00901794433594,1.99297332763672,2.01604461669922,2.00450897216797,12.4782259586433,12.7688019534998,12.6230959008979
1326,354.141833366667,4.00080871582031,4.04368591308594,4.02224731445313,2.00040435791016,2.02184295654297,2.01112365722656,12.5714524393862,12.8423562017867,12.7065433409787
1327,354.143500033333,4.00080871582031,4.02252197265625,4.01166534423828,2.00040435791016,2.01126098632813,2.00583267211914,12.5714524393862,12.7082787268188,12.6397730110636
1328,354.1451667,3.98960876464844,4.04104614257813,4.01532745361328,1.99480438232422,2.02052307128906,2.00766372680664,12.5011653626187,12.8255943620116,12.6628603599444
1329,354.146833366667,3.98960876464844,4.0064697265625,3.99803924560547,1.99480438232422,2.00323486328125,1.99901962280273,12.5011653626187,12.6070539799332,12.5540538506651
1330,354.148500033333,3.98960876464844,4.04104614257813,4.01532745361328,1.99480438232422,2.02052307128906,2.00766372680664,12.5011653626187,12.8255943620116,12.6628603599444
1331,354.1501667,4.00466918945313,4.04551696777344,4.02509307861328,2.00233459472656,2.02275848388672,2.01254653930664,12.5957251196521,12.8539893409822,12.7245296130592
1332,354.151833366667,3.9888916015625,4.05699157714844,4.02294158935547,1.99444580078125,2.02849578857422,2.01147079467773,12.4966714039073,12.9270102590765,12.7109302395507
1333,354.153500033333,4.00466918945313,4.04597473144531,4.02532196044922,2.00233459472656,2.02298736572266,2.01266098022461,12.5957251196521,12.8568984486725,12.7259767828253
1334,354.1551667,3.9888916015625,4.04597473144531,4.01743316650391,1.99444580078125,2.02298736572266,2.00871658325195,12.4966714039073,12.8568984486725,12.6761451245081
1335,354.156833366667,3.98495483398438,4.03495788574219,4.00995635986328,1.99247741699219,2.01747894287109,2.00497817993164,12.4720168286938,12.7869772872154,12.6290061241796
1336,354.158500033333,3.98301696777344,3.87150573730469,3.92726135253906,1.99150848388672,1.93575286865234,1.96363067626953,12.4598896029976,11.7719848837249,12.1134956850206
1337,354.1601667,3.98301696777344,3.87150573730469,3.92726135253906,1.99150848388672,1.93575286865234,1.96363067626953,12.4598896029976,11.7719848837249,12.1134956850206
1338,354.161833366667,3.98301696777344,4.06190490722656,4.0224609375,1.99150848388672,2.03095245361328,2.01123046875,12.4598896029976,12.9583404345041,12.7078930752806
1339,354.163500033333,3.99592590332031,4.06190490722656,4.02891540527344,1.99796295166016,2.03095245361328,2.01445770263672,12.5407853462072,12.9583404345041,12.7487081358488
1340,354.1651667,3.99592590332031,4.0545654296875,4.02524566650391,1.99796295166016,2.02728271484375,2.01262283325195,12.5407853462072,12.9115537540396,12.72549438376
1341,354.166833366667,4.00733947753906,4.0460205078125,4.02667999267578,2.00366973876953,2.02301025390625,2.01333999633789,12.6125282195687,12.8571893775451,12.734565016034
1342,354.168500033333,4.00733947753906,4.01629638671875,4.01181793212891,2.00366973876953,2.00814819335938,2.00590896606445,12.6125282195687,12.6689724118844,12.6407345633447
1343,354.1701667,4.01138305664063,4.01629638671875,4.01383972167969,2.00569152832031,2.00814819335938,2.00691986083984,12.6379942357591,12.6689724118844,12.6534785837843
1344,354.171833366667,4.01138305664063,4.05494689941406,4.03316497802734,2.00569152832031,2.02747344970703,2.01658248901367,12.6379942357591,12.9139834095302,12.7756161888372
1345,354.173500033333,4.01571655273438,4.05494689941406,4.03533172607422,2.00785827636719,2.02747344970703,2.01766586303711,12.6653146288031,12.9139834095302,12.7893468332766
1346,354.1751667,4.01571655273438,4.04869079589844,4.03220367431641,2.00785827636719,2.02434539794922,2.0161018371582,12.6653146288031,12.8741659246865,12.7695267857492
1347,354.176833366667,4.01571655273438,4.04869079589844,4.03220367431641,2.00785827636719,2.02434539794922,2.0161018371582,12.6653146288031,12.8741659246865,12.7695267857492
1348,354.178500033333,4.000244140625,4.04869079589844,4.02446746826172,2.0001220703125,2.02434539794922,2.01223373413086,12.5679046419604,12.8741659246865,12.7205744355559
1349,354.1801667,3.98973083496094,4.04423522949219,4.01698303222656,1.99486541748047,2.02211761474609,2.00849151611328,12.5019303722216,12.8458455905623,12.6733046801122
1350,354.181833366667,4.000244140625,3.97145080566406,3.98584747314453,2.0001220703125,1.98572540283203,1.99292373657227,12.5679046419604,12.3876308798518,12.477604976114
1351,354.183500033333,4.00531005859375,3.97145080566406,3.98838043212891,2.00265502929688,1.98572540283203,1.99419021606445,12.5997568421496,12.3876308798518,12.4934687562642
1352,354.1851667,4.00531005859375,4.05218505859375,4.02874755859375,2.00265502929688,2.02609252929688,2.01437377929688,12.5997568421496,12.8963978671475,12.747645922552
1353,354.186833366667,3.99797058105469,4.05508422851563,4.02652740478516,1.99898529052734,2.02754211425781,2.01326370239258,12.5536226337546,12.9148581414635,12.7335999015474
1354,354.188500033333,3.99797058105469,4.0592041015625,4.02858734130859,1.99898529052734,2.02960205078125,2.0142936706543,12.5536226337546,12.941113874663,12.7466320329594
1355,354.1901667,3.99876403808594,4.06150817871094,4.03013610839844,1.99938201904297,2.03075408935547,2.01506805419922,12.5586060363962,12.9558092614591,12.7564346547179
1356,354.191833366667,4.0013427734375,4.0592041015625,4.0302734375,2.00067138671875,2.02960205078125,2.01513671875,12.5748089247972,12.941113874663,12.7573040345654
1357,354.193500033333,4.00717163085938,4.06163024902344,4.03440093994141,2.00358581542969,2.03081512451172,2.0172004699707,12.6114716948288,12.956588057602,12.7834475543136
1358,354.1951667,4.00364685058594,4.04933166503906,4.0264892578125,2.00182342529297,2.02466583251953,2.01324462890625,12.5892948977962,12.8782419626298,12.7333586286402
1359,354.196833366667,4.00389099121094,4.06163024902344,4.03276062011719,2.00194549560547,2.03081512451172,2.01638031005859,12.5908303239471,12.956588057602,12.7730545963766
1360,354.198500033333,4.00389099121094,4.06840515136719,4.03614807128906,2.00194549560547,2.03420257568359,2.01807403564453,12.5908303239471,12.9998479422927,12.7945219112393
1361,354.2001667,4.01177978515625,4.06840515136719,4.04009246826172,2.00588989257813,2.03420257568359,2.02004623413086,12.6404941718457,12.9998479422927,12.8195414755989
1362,354.201833366667,4.01177978515625,4.06840515136719,4.04009246826172,2.00588989257813,2.03420257568359,2.02004623413086,12.6404941718457,12.9998479422927,12.8195414755989
1363,354.203500033333,4.00114440917969,4.06488037109375,4.03301239013672,2.00057220458984,2.03244018554688,2.01650619506836,12.5735621779167,12.977332112898,12.7746495200002
1364,354.2051667,4.00114440917969,4.05793762207031,4.029541015625,2.00057220458984,2.02896881103516,2.0147705078125,12.5735621779167,12.9330398295466,12.7526676843685
1365,354.206833366667,4.01695251464844,4.05793762207031,4.03744506835938,2.00847625732422,2.02896881103516,2.01872253417969,12.6731121191313,12.9330398295466,12.8027461504976
1366,354.208500033333,4.02626037597656,4.05305480957031,4.03965759277344,2.01313018798828,2.02652740478516,2.01982879638672,12.7319110391995,12.9019345631446,12.8167818336544
1367,354.2101667,4.02626037597656,4.05305480957031,4.03965759277344,2.01313018798828,2.02652740478516,2.01982879638672,12.7319110391995,12.9019345631446,12.8167818336544
1368,354.211833366667,4.00625610351563,4.05305480957031,4.02965545654297,2.00312805175781,2.02652740478516,2.01482772827148,12.6057096116149,12.9019345631446,12.7533920585416
1369,354.213500033333,3.99922180175781,4.06230163574219,4.03076171875,1.99961090087891,2.03115081787109,2.015380859375,12.561481526229,12.9608718547822,12.7603954028304
1370,354.2151667,3.99922180175781,4.06230163574219,4.03076171875,1.99961090087891,2.03115081787109,2.015380859375,12.561481526229,12.9608718547822,12.7603954028304
1371,354.216833366667,4.00888061523438,4.06150817871094,4.03519439697266,2.00444030761719,2.03075408935547,2.01759719848633,12.6222311062014,12.9558092614591,12.7884763622751
1372,354.218500033333,4.00888061523438,4.06150817871094,4.03519439697266,2.00444030761719,2.03075408935547,2.01759719848633,12.6222311062014,12.9558092614591,12.7884763622751
1373,354.2201667,4.00411987304688,4.07512664794922,4.03962326049805,2.00205993652344,2.03756332397461,2.01981163024902,12.5922698709957,13.042838062558,12.8165639798371
1374,354.221833366667,4.00411987304688,4.07512664794922,4.03962326049805,2.00205993652344,2.03756332397461,2.01981163024902,12.5922698709957,13.042838062558,12.8165639798371
1375,354.223500033333,4.0146484375,4.06983947753906,4.04224395751953,2.00732421875,2.03491973876953,2.02112197875977,12.658577989795,13.0090158143656,12.8331988113846
1376,354.2251667,4.02082824707031,4.04560852050781,4.03321838378906,2.01041412353516,2.02280426025391,2.01660919189453,12.6975790685179,12.8545711361877,12.7759545315706
1377,354.226833366667,4.0146484375,4.06983947753906,4.04224395751953,2.00732421875,2.03491973876953,2.02112197875977,12.658577989795,13.0090158143656,12.8331988113846
1378,354.228500033333,4.01181030273438,3.99411010742188,4.00296020507813,2.00590515136719,1.99705505371094,2.00148010253906,12.640686484862,12.5293905739692,12.5849770137104
1379,354.2301667,4.01181030273438,4.07438659667969,4.04309844970703,2.00590515136719,2.03719329833984,2.02154922485352,12.640686484862,13.0381012809778,12.8386250188479
1380,354.231833366667,4.011962890625,4.07594299316406,4.04395294189453,2.0059814453125,2.03797149658203,2.02197647094727,12.6416480718874,13.0480641700292,12.844052373239
1381,354.233500033333,4.02572631835938,4.08209228515625,4.05390930175781,2.01286315917969,2.04104614257813,2.02695465087891,12.7285336505177,13.0874645650424,12.9073752812923
1382,354.2351667,4.03605651855469,4.07594299316406,4.05599975585938,2.01802825927734,2.03797149658203,2.02799987792969,12.7939414765476,13.0480641700292,12.9206904447452
1383,354.236833366667,4.03605651855469,4.05604553222656,4.04605102539063,2.01802825927734,2.02802276611328,2.02302551269531,12.7939414765476,12.9209820944707,12.8573833319555
1384,354.238500033333,4.03605651855469,4.05604553222656,4.04605102539063,2.01802825927734,2.02802276611328,2.02302551269531,12.7939414765476,12.9209820944707,12.8573833319555
1385,354.2401667,4.0499267578125,4.059814453125,4.05487060546875,2.02496337890625,2.0299072265625,2.02743530273438,12.8820274326755,12.9450058804378,12.9134974601456
1386,354.241833366667,4.05450439453125,4.08737182617188,4.07093811035156,2.02725219726563,2.04368591308594,2.03546905517578,12.9111650303734,13.1213395896046,13.0160401998509
1387,354.243500033333,4.05802917480469,4.08891296386719,4.07347106933594,2.02901458740234,2.04445648193359,2.03673553466797,12.9336234109751,13.1312362196218,13.0322425354518
1388,354.2451667,4.06593322753906,4.08891296386719,4.07742309570313,2.03296661376953,2.04445648193359,2.03871154785156,12.9840555763172,13.1312362196218,13.0575422120049
1389,354.246833366667,4.07272338867188,4.08891296386719,4.08081817626953,2.03636169433594,2.04445648193359,2.04040908813477,13.0274588699529,13.1312362196218,13.0792960811123
1390,354.248500033333,4.07272338867188,4.12776184082031,4.10024261474609,2.03636169433594,2.06388092041016,2.05012130737305,13.0274588699529,13.381942058732,13.2041056761843
1391,354.2501667,4.07272338867188,4.12776184082031,4.10024261474609,2.03636169433594,2.06388092041016,2.05012130737305,13.0274588699529,13.381942058732,13.2041056761843
1392,354.251833366667,4.06246948242188,4.124755859375,4.09361267089844,2.03123474121094,2.0623779296875,2.04680633544922,12.9619429147104,13.3624587531856,13.1614390776921
1393,354.253500033333,4.06246948242188,4.10798645019531,4.08522796630859,2.03123474121094,2.05399322509766,2.0426139831543,12.9619429147104,13.2540280772527,13.1075787001112
1394,354.2551667,4.04365539550781,4.10652160644531,4.07508850097656,2.02182769775391,2.05326080322266,2.03754425048828,12.8421623607524,13.2445774040971,13.0425938775296
1395,354.256833366667,4.03950500488281,4.10652160644531,4.07301330566406,2.01975250244141,2.05326080322266,2.03650665283203,12.8158136086383,13.2445774040971,13.0293136564237
1396,354.258500033333,4.03610229492188,4.10177612304688,4.06893920898438,2.01805114746094,2.05088806152344,2.03446960449219,12.7942316922477,13.2139843073261,13.0032611340658
1397,354.2601667,4.03610229492188,4.10604858398438,4.07107543945313,2.01805114746094,2.05302429199219,2.03553771972656,12.7942316922477,13.2415263441625,13.016918381345
1398,354.261833366667,4.03529357910156,4.10177612304688,4.06853485107422,2.01764678955078,2.05088806152344,2.03426742553711,12.7891050328046,13.2139843073261,13.0006768191044
1399,354.263500033333,4.02159118652344,4.09359741210938,4.05759429931641,2.01079559326172,2.04679870605469,2.0287971496582,12.7023981766817,13.1613409603251,12.9308515164517
1400,354.2651667,4.03312683105469,4.0882568359375,4.06069183349609,2.01656341552734,2.04412841796875,2.03034591674805,12.7753745181993,13.1270223468171,12.9506016639247
1401,354.266833366667,4.02656555175781,4.0882568359375,4.05741119384766,2.01328277587891,2.04412841796875,2.02870559692383,12.7338411767403,13.1270223468171,12.9296844918405
1402,354.268500033333,4.03312683105469,4.09722900390625,4.06517791748047,2.01656341552734,2.04861450195313,2.03258895874023,12.7753745181993,13.1847032083365,12.979232045615
1403,354.2701667,4.02656555175781,4.09912109375,4.06284332275391,2.01328277587891,2.049560546875,2.03142166137695,12.7338411767403,13.1968833443052,12.9643286163245
1404,354.271833366667,4.02914428710938,4.09722900390625,4.06318664550781,2.01457214355469,2.04861450195313,2.03159332275391,12.7501566798436,13.1847032083365,12.9665197601658
1405,354.273500033333,4.01766967773438,4.09912109375,4.05839538574219,2.00883483886719,2.049560546875,2.02919769287109,12.6776376889423,13.1968833443052,12.9359578683518
1406,354.2751667,4.0203857421875,4.096923828125,4.05865478515625,2.01019287109375,2.0484619140625,2.02932739257813,12.6947844047261,13.1827391969275,12.9376115697837
1407,354.276833366667,4.0203857421875,4.11514282226563,4.06776428222656,2.01019287109375,2.05757141113281,2.03388214111328,12.6947844047261,13.3002470098168,12.9957527035495
1408,354.278500033333,4.0203857421875,4.10623168945313,4.06330871582031,2.01019287109375,2.05311584472656,2.03165435791016,12.6947844047261,13.2427073579279,12.9672988781506
1409,354.2801667,4.01760864257813,4.10623168945313,4.06192016601563,2.00880432128906,2.05311584472656,2.03096008300781,12.677252502612,13.2427073579279,12.9584377922509
1410,354.281833366667,4.01382446289063,4.10623168945313,4.06002807617188,2.00691223144531,2.05311584472656,2.03001403808594,12.6533823784513,13.2427073579279,12.9463682207048
1411,354.283500033333,4.01382446289063,4.13383483886719,4.07382965087891,2.00691223144531,2.06691741943359,2.03691482543945,12.6533823784513,13.4213475741413,13.0345370539306
1412,354.2851667,4.0107421875,4.13383483886719,4.07228851318359,2.00537109375,2.06691741943359,2.0361442565918,12.633956399727,13.4213475741413,13.0246769378
1413,354.286833366667,4.00994873046875,4.11784362792969,4.06389617919922,2.00497436523438,2.05892181396484,2.03194808959961,12.6289580680064,13.3177108849601,12.9710487108262
1414,354.288500033333,4.00994873046875,4.09846496582031,4.05420684814453,2.00497436523438,2.04923248291016,2.02710342407227,12.6289580680064,13.1926589505594,12.9092700862985
1415,354.2901667,4.01737976074219,4.09059143066406,4.05398559570313,2.00868988037109,2.04529571533203,2.02699279785156,12.67580810599,13.1420189718524,12.9078611154721
1416,354.291833366667,4.01737976074219,4.08946228027344,4.05342102050781,2.00868988037109,2.04473114013672,2.02671051025391,12.67580810599,13.1347646332001,12.9042661590535
1417,354.293500033333,4.01467895507813,4.08946228027344,4.05207061767578,2.00733947753906,2.04473114013672,2.02603530883789,12.6587704403257,13.1347646332001,12.8956694429772
1418,354.2951667,4.0115966796875,4.08946228027344,4.05052947998047,2.00579833984375,2.04473114013672,2.02526473999023,12.6393403244691,13.1347646332001,12.8858620014064
1419,354.296833366667,4.01101684570313,4.09347534179688,4.05224609375,2.00550842285156,2.04673767089844,2.026123046875,12.635686821886,13.1605560345555,12.8967863684502
1420,354.298500033333,4.01101684570313,4.09347534179688,4.05224609375,2.00550842285156,2.04673767089844,2.026123046875,12.635686821886,13.1605560345555,12.8967863684502
1421,354.3001667,4.01335144042969,4.09347534179688,4.05341339111328,2.00667572021484,2.04673767089844,2.02670669555664,12.6504001945285,13.1605560345555,12.90421758199
1422,354.301833366667,4.01774597167969,4.08415222167969,4.05094909667969,2.00887298583984,2.04207611083984,2.02547454833984,12.6781191800841,13.1006764900007,12.888531974793
1423,354.303500033333,4.02462768554688,4.08415222167969,4.05438995361328,2.01231384277344,2.04207611083984,2.02719497680664,12.7215872883052,13.1006764900007,12.9104361892714
1424,354.3051667,4.02462768554688,4.08415222167969,4.05438995361328,2.01231384277344,2.04207611083984,2.02719497680664,12.7215872883052,13.1006764900007,12.9104361892714
1425,354.306833366667,4.02317810058594,4.08489990234375,4.05403900146484,2.01158905029297,2.04244995117188,2.02701950073242,12.7124248504244,13.1054735781387,12.9082012048382
1426,354.308500033333,4.02317810058594,4.10145568847656,4.06231689453125,2.01158905029297,2.05072784423828,2.03115844726563,12.7124248504244,13.2119198104515,12.9609692220379
1427,354.3101667,4.01791381835938,4.08743286132813,4.05267333984375,2.00895690917969,2.04371643066406,2.02633666992188,12.6791784927801,13.1217314643963,12.8995060414155
1428,354.311833366667,4.02450561523438,4.09976196289063,4.0621337890625,2.01225280761719,2.04988098144531,2.03106689453125,12.7208155873151,13.2010101491632,12.9598008391072
1429,354.313500033333,4.01634216308594,4.09671020507813,4.05652618408203,2.00817108154297,2.04835510253906,2.02826309204102,12.6692612067253,13.1813644759849,12.924044615317
1430,354.3151667,4.01634216308594,4.09672546386719,4.05653381347656,2.00817108154297,2.04836273193359,2.02826690673828,12.6692612067253,13.1814626679607,12.9240932296848
1431,354.316833366667,4.01634216308594,4.09672546386719,4.05653381347656,2.00817108154297,2.04836273193359,2.02826690673828,12.6692612067253,13.1814626679607,12.9240932296848
1432,354.318500033333,4.018310546875,4.09806823730469,4.05818939208984,2.0091552734375,2.04903411865234,2.02909469604492,12.6816824987049,13.1901049940283,12.9346447101563
1433,354.3201667,4.01934814453125,4.09806823730469,4.05870819091797,2.00967407226563,2.04903411865234,2.02935409545898,12.6882326061488,13.1901049940283,12.9379520508461
1434,354.321833366667,4.02500915527344,4.10134887695313,4.06317901611328,2.01250457763672,2.05067443847656,2.03158950805664,12.7239990047629,13.2112316806681,12.966471066069
1435,354.323500033333,4.02685546875,4.09565734863281,4.06125640869141,2.013427734375,2.04782867431641,2.0306282043457,12.7356749429069,13.1745901128912,12.9542030683376
1436,354.3251667,4.02685546875,4.08950805664063,4.05818176269531,2.013427734375,2.04475402832031,2.02909088134766,12.7356749429069,13.1350586890601,12.9345960759477
1437,354.326833366667,4.02685546875,4.08950805664063,4.05818176269531,2.013427734375,2.04475402832031,2.02909088134766,12.7356749429069,13.1350586890601,12.9345960759477
1438,354.328500033333,4.03434753417969,4.09080505371094,4.06257629394531,2.01717376708984,2.04540252685547,2.03128814697266,12.7831091123762,13.1433916395896,12.9626245213421
1439,354.3301667,4.0389404296875,4.10247802734375,4.07070922851563,2.01947021484375,2.05123901367188,2.03535461425781,12.8122314940802,13.2185071021644,13.0145766298588
1440,354.331833366667,4.03434753417969,4.10247802734375,4.06841278076172,2.01717376708984,2.05123901367188,2.03420639038086,12.7831091123762,13.2185071021644,12.9998966990207
1441,354.333500033333,4.02693176269531,4.09564208984375,4.06128692626953,2.01346588134766,2.04782104492188,2.03064346313477,12.7361575348945,13.1744919465165,12.9543977531099
1442,354.3351667,4.02693176269531,4.09335327148438,4.06014251708984,2.01346588134766,2.04667663574219,2.03007125854492,12.7361575348945,13.1597711321926,12.9470980753347
1443,354.336833366667,4.02378845214844,4.09564208984375,4.05971527099609,2.01189422607422,2.04782104492188,2.02985763549805,12.7162823167033,13.1744919465165,12.9443733896806
1444,354.338500033333,4.033447265625,4.09953308105469,4.06649017333984,2.0167236328125,2.04976654052734,2.03324508666992,12.7774046226013,13.1995362162251,12.987612895191
1445,354.3401667,4.04318237304688,4.11537170410156,4.07927703857422,2.02159118652344,2.05768585205078,2.03963851928711,12.8391580117921,13.3017265548743,13.0694190470656
1446,354.341833366667,4.04318237304688,4.11537170410156,4.07927703857422,2.02159118652344,2.05768585205078,2.03963851928711,12.8391580117921,13.3017265548743,13.0694190470656
1447,354.343500033333,4.0291748046875,4.11537170410156,4.07227325439453,2.01458740234375,2.05768585205078,2.03613662719727,12.7503498252604,13.3017265548743,13.02457933154
1448,354.3451667,4.02755737304688,4.09526062011719,4.06140899658203,2.01377868652344,2.04763031005859,2.03070449829102,12.7401151340758,13.1720379060101,12.9551765068281
1449,354.346833366667,4.0291748046875,4.09526062011719,4.06221771240234,2.01458740234375,2.04763031005859,2.03110885620117,12.7503498252604,13.1720379060101,12.960336341413
1450,354.348500033333,4.03256225585938,4.11465454101563,4.0736083984375,2.01628112792969,2.05732727050781,2.03680419921875,12.771798060014,13.2970909220559,13.0331212633458
1451,354.3501667,4.03695678710938,4.11465454101563,4.0758056640625,2.01847839355469,2.05732727050781,2.03790283203125,12.7996496561676,13.2970909220559,13.0471849385257
1452,354.351833366667,4.03352355957031,4.09434509277344,4.06393432617188,2.01676177978516,2.04717254638672,2.03196716308594,12.7778880045646,13.1661491414051,12.9712922251982
1453,354.353500033333,4.03489685058594,4.08781433105469,4.06135559082031,2.01744842529297,2.04390716552734,2.03067779541016,12.786590443399,13.1241808144216,12.9548357991962
1454,354.3551667,4.03489685058594,4.09434509277344,4.06462097167969,2.01744842529297,2.04717254638672,2.03231048583984,12.786590443399,13.1661491414051,12.9756758747662
1455,354.356833366667,4.03489685058594,4.08903503417969,4.06196594238281,2.01744842529297,2.04451751708984,2.03098297119141,12.786590443399,13.1320202705664,12.9587298676855
1456,354.358500033333,4.05029296875,4.08903503417969,4.06966400146484,2.025146484375,2.04451751708984,2.03483200073242,12.8843572291952,13.1320202705664,13.0078940395021
1457,354.3601667,4.03668212890625,4.08903503417969,4.06285858154297,2.01834106445313,2.04451751708984,2.03142929077148,12.7979080426853,13.1320202705664,12.9644259965636
1458,354.361833366667,4.05241394042969,4.09376525878906,4.07308959960938,2.02620697021484,2.04688262939453,2.03654479980469,12.8978547772051,13.162420271477,13.0298017800703
1459,354.363500033333,4.03668212890625,4.0941162109375,4.06539916992188,2.01834106445313,2.04705810546875,2.03269958496094,12.7979080426853,13.1646771559767,12.9806449062491
1460,354.3651667,4.04661560058594,4.09376525878906,4.0701904296875,2.02330780029297,2.04688262939453,2.03509521484375,12.8609717524219,13.162420271477,13.011259509196
1461,354.366833366667,4.04661560058594,4.092041015625,4.06932830810547,2.02330780029297,2.0460205078125,2.03466415405273,12.8609717524219,13.1513349100701,13.0057481701866
1462,354.368500033333,4.05014038085938,4.092041015625,4.07109069824219,2.02507019042969,2.0460205078125,2.03554534912109,12.8833864550443,13.1513349100701,13.0170159588952
1463,354.3701667,4.05378723144531,4.09487915039063,4.07433319091797,2.02689361572266,2.04743957519531,2.03716659545898,12.9065979656226,13.1695840940847,13.0377594846606
1464,354.371833366667,4.05014038085938,4.09487915039063,4.072509765625,2.02507019042969,2.04743957519531,2.0362548828125,12.8833864550443,13.1695840940847,13.0260922696685
1465,354.373500033333,4.05302429199219,4.093994140625,4.07350921630859,2.02651214599609,2.0469970703125,2.0367546081543,12.9017402729945,13.1638921307287,13.0324866235619
1466,354.3751667,4.0345458984375,4.09361267089844,4.06407928466797,2.01727294921875,2.04680633544922,2.03203964233398,12.7843662050134,13.1614390776921,12.972217600658
1467,354.376833366667,4.03871154785156,4.09361267089844,4.066162109375,2.01935577392578,2.04680633544922,2.0330810546875,12.8107794281102,13.1614390776921,12.9855174292093
1468,354.378500033333,4.03871154785156,4.09091186523438,4.06481170654297,2.01935577392578,2.04545593261719,2.03240585327148,12.8107794281102,13.1440780003392,12.9768936866358
1469,354.3801667,4.05760192871094,4.08992004394531,4.07376098632813,2.02880096435547,2.04496002197266,2.03688049316406,12.9309001436201,13.1377053399209,13.0340976624167
1470,354.381833366667,4.05760192871094,4.08992004394531,4.07376098632813,2.02880096435547,2.04496002197266,2.03688049316406,12.9309001436201,13.1377053399209,13.0340976624167
1471,354.383500033333,4.05653381347656,4.08992004394531,4.07322692871094,2.02826690673828,2.04496002197266,2.03661346435547,12.9240932296848,13.1377053399209,13.0306804256751
1472,354.3851667,4.05409240722656,4.10086059570313,4.07747650146484,2.02704620361328,2.05043029785156,2.03873825073242,12.9085412986845,13.2080861727308,13.0578842675329
1473,354.386833366667,4.05409240722656,4.093994140625,4.07404327392578,2.02704620361328,2.0469970703125,2.03702163696289,12.9085412986845,13.1638921307287,13.0359040971134
1474,354.388500033333,4.05166625976563,4.10313415527344,4.07740020751953,2.02583312988281,2.05156707763672,2.03870010375977,12.8930958423364,13.2227356319453,13.0573956181501
1475,354.3901667,4.04959106445313,4.10507202148438,4.07733154296875,2.02479553222656,2.05253601074219,2.03866577148438,12.879891970925,13.2352284935346,13.056955841523
1476,354.391833366667,4.04959106445313,4.10507202148438,4.07733154296875,2.02479553222656,2.05253601074219,2.03866577148438,12.879891970925,13.2352284935346,13.056955841523
1477,354.393500033333,4.04959106445313,4.103759765625,4.07667541503906,2.02479553222656,2.0518798828125,2.03833770751953,12.879891970925,13.2267681157087,13.0527539050327
1478,354.3951667,4.05120849609375,4.0980224609375,4.07461547851563,2.02560424804688,2.04901123046875,2.03730773925781,12.8901826421327,13.1898103226455,13.0395661730821
1479,354.396833366667,4.05882263183594,4.09980773925781,4.07931518554688,2.02941131591797,2.04990386962891,2.03965759277344,12.938681668209,13.2013049456255,13.0696634830759
1480,354.398500033333,4.05882263183594,4.0980224609375,4.07842254638672,2.02941131591797,2.04901123046875,2.03921127319336,12.938681668209,13.1898103226455,13.0639442794995
1481,354.4001667,4.05152893066406,4.09980773925781,4.07566833496094,2.02576446533203,2.04990386962891,2.03783416748047,12.8922218477138,13.2013049456255,13.0463057366463
1482,354.401833366667,4.04750061035156,4.09712219238281,4.07231140136719,2.02375030517578,2.04856109619141,2.03615570068359,12.8665978515487,13.1840157877027,13.0248233478757
1483,354.403500033333,4.04750061035156,4.10064697265625,4.07407379150391,2.02375030517578,2.05032348632813,2.03703689575195,12.8665978515487,13.2067101307732,13.0360993948483
1484,354.4051667,4.04750061035156,4.0921630859375,4.06983184814453,2.02375030517578,2.04608154296875,2.03491592407227,12.8665978515487,13.1521195608111,13.0089670405397
1485,354.406833366667,4.03193664550781,4.095703125,4.06381988525391,2.01596832275391,2.0478515625,2.03190994262695,12.7678355425021,13.1748846142098,12.9705616889398
1486,354.408500033333,4.04426574707031,4.095703125,4.06998443603516,2.02213287353516,2.0478515625,2.03499221801758,12.846039459392,13.1748846142098,13.0099425344301
1487,354.4101667,4.04426574707031,4.10664367675781,4.07545471191406,2.02213287353516,2.05332183837891,2.03772735595703,12.846039459392,13.2453648314566,13.0449381481607
1488,354.411833366667,4.04426574707031,4.10664367675781,4.07545471191406,2.02213287353516,2.05332183837891,2.03772735595703,12.846039459392,13.2453648314566,13.0449381481607
1489,354.413500033333,4.04692077636719,4.10348510742188,4.07520294189453,2.02346038818359,2.05174255371094,2.03760147094727,12.8629116476264,13.2249976812773,13.0433264394723
1490,354.4151667,4.04371643066406,4.10348510742188,4.07360076904297,2.02185821533203,2.05174255371094,2.03680038452148,12.8425500442838,13.2249976812773,13.0330724443523
1491,354.416833366667,4.04107666015625,4.10427856445313,4.07267761230469,2.02053833007813,2.05213928222656,2.03633880615234,12.8257880779664,13.2301125929396,13.0271660210003
1492,354.418500033333,4.04107666015625,4.10427856445313,4.07267761230469,2.02053833007813,2.05213928222656,2.03633880615234,12.8257880779664,13.2301125929396,13.0271660210003
1493,354.4201667,4.04354858398438,4.11045837402344,4.07700347900391,2.02177429199219,2.05522918701172,2.03850173950195,12.841483928653,13.2699837312183,13.0548547887486
1494,354.421833366667,4.04354858398438,4.11283874511719,4.07819366455078,2.02177429199219,2.05641937255859,2.03909683227539,12.841483928653,13.285357506592,13.0624780186525
1495,354.423500033333,4.04666137695313,4.11283874511719,4.07975006103516,2.02333068847656,2.05641937255859,2.03987503051758,12.8612627273765,13.285357506592,13.0724502151545
1496,354.4251667,4.0455322265625,4.12614440917969,4.08583831787109,2.02276611328125,2.06307220458984,2.04291915893555,12.8540863059354,13.3714568918342,13.1114956559538
1497,354.426833366667,4.05418395996094,4.10989379882813,4.08203887939453,2.02709197998047,2.05494689941406,2.04101943969727,12.9091243271299,13.2663386928964,13.0871221222983
1498,354.428500033333,4.0455322265625,4.11428833007813,4.07991027832031,2.02276611328125,2.05714416503906,2.03995513916016,12.8540863059354,13.2947241020055,13.0734769808034
1499,354.4301667,4.04739379882813,4.10989379882813,4.07864379882813,2.02369689941406,2.05494689941406,2.03932189941406,12.8659187743024,13.2663386928964,13.0653617432055
1500,354.431833366667,4.04739379882813,4.10885620117188,4.078125,2.02369689941406,2.05442810058594,2.0390625,12.8659187743024,13.2596410092024,13.0620381564447
