﻿Segment Info
Segment Name,16
Recording Name,记录001
Subject Name,被试001
Start Time(s),32.5204041
End Time(s),34.8437579

Eye State Statistic
Id,Eye State Type,Count(N),Total duration(s),Min duration(s),Max duration(s),Mean duration(s)
1,Fixation,5,2.12,0.163,0.656,0.424
2,Saccades,4,0.203,0.034,0.067,0.05075

Eye State Data
Id,Eye State Type,Start Time(s),End Time(s),Duration(s)
1,Fixation,32.52,32.89,0.37
2,Saccades,32.89,32.933,0.043
3,Fixation,32.933,33.548,0.615
4,Saccades,33.548,33.582,0.034
5,Fixation,33.582,33.745,0.163
6,Saccades,33.745,33.812,0.067
7,Fixation,33.812,34.468,0.656
8,Saccades,34.468,34.527,0.059
9,Fixation,34.527,34.843,0.316
