﻿Segment Info
Segment Name,155
Recording Name,记录001
Subject Name,被试001
Start Time(s),314.9264051
End Time(s),316.351508

Eye State Statistic
Id,Eye State Type,Count(N),Total duration(s),Min duration(s),Max duration(s),Mean duration(s)
1,Fixation,5,1.256,0.167,0.353,0.2512
2,Saccades,4,0.169,0.04,0.045,0.04225

Eye State Data
Id,Eye State Type,Start Time(s),End Time(s),Duration(s)
1,Fixation,314.926,315.182,0.256
2,Saccades,315.182,315.223,0.041
3,Fixation,315.223,315.515,0.292
4,Saccades,315.515,315.56,0.045
5,Fixation,315.56,315.727,0.167
6,Saccades,315.727,315.77,0.043
7,Fixation,315.77,315.958,0.188
8,Saccades,315.958,315.998,0.04
9,Fixation,315.998,316.351,0.353
