﻿Segment Info
Segment Name,10
Recording Name,记录002
Subject Name,被试001
Start Time(s),23.894328
End Time(s),25.6109203

Eye State Statistic
Id,Eye State Type,Count(N),Total duration(s),Min duration(s),Max duration(s),Mean duration(s)
1,Fixation,5,1.529,0.184,0.587,0.3058
2,Saccades,4,0.187,0.035,0.061,0.04675

Eye State Data
Id,Eye State Type,Start Time(s),End Time(s),Duration(s)
1,Fixation,23.894,24.078,0.184
2,Saccades,24.078,24.122,0.044
3,Fixation,24.122,24.315,0.193
4,Saccades,24.315,24.362,0.047
5,Fixation,24.362,24.607,0.245
6,Saccades,24.607,24.668,0.061
7,Fixation,24.668,24.988,0.32
8,Saccades,24.988,25.023,0.035
9,Fixation,25.023,25.61,0.587
