Segment Info
Segment Name,154
Recording Name,记录001
Subject Name,被试002
Frequency(Hz),600
Start Time(s),384.0047612
End Time(s),386.4927416

Id,Time(s),LeftEyePositionValidity,LeftEyePositionX,LeftEyePositionY,LeftEyePositionZ,RightEyePositionValidity,RightEyePositionX,RightEyePositionY,RightEyePositionZ,LeftGazePositionValidity,LeftGazePositionX,LeftGazePositionY,LeftGazePositionZ,LeftGazePointValidity,LeftGazePointX,LeftGazePointY,RightGazePositionValidity,RightGazePositionX,RightGazePositionY,RightGazePositionZ,RightGazePointValidity,RightGazePointX,RightGazePointY,LeftPupilValidity,LeftPupilDiameter,RightPupilValidity,RightPupilDiameter
1,384.0052248,True,-49.8754653930664,-32.5326805114746,586.827392578125,True,9.86684989929199,-33.80810546875,589.568115234375,True,5.22709321975708,210.715362548828,53.8143081665039,True,0.509469389915466,0.303016930818558,True,-5.45185661315918,214.599365234375,55.2279739379883,True,0.490123420953751,0.289705216884613,True,3.41595458984375,True,3.51821899414063
2,384.006891466667,True,-49.872917175293,-32.5356216430664,586.80322265625,True,9.86435699462891,-33.8031578063965,589.57666015625,True,5.52761888504028,210.779388427734,53.8376426696777,True,0.510013818740845,0.302797496318817,True,-5.32199382781982,215.611267089844,55.5962867736816,True,0.490358710289001,0.286237120628357,True,3.41844177246094,True,3.51988220214844
3,384.008558133333,True,-49.8733978271484,-32.535758972168,586.795349121094,True,9.86210250854492,-33.80419921875,589.5576171875,True,3.29767656326294,211.110076904297,53.9580078125,True,0.505974054336548,0.301664113998413,True,-4.19352960586548,215.683334350586,55.6225357055664,True,0.492403030395508,0.285990118980408,True,3.41352844238281,True,3.53030395507813
4,384.0102248,True,-49.8756713867188,-32.5370025634766,586.788696289063,True,9.85955047607422,-33.7984085083008,589.565673828125,True,4.08104372024536,208.775527954102,53.1082534790039,True,0.50739324092865,0.309665322303772,True,-5.48417282104492,215.841415405273,55.6800537109375,True,0.490064889192581,0.285448342561722,True,3.41529846191406,True,3.52061462402344
5,384.011891466667,True,-49.8808517456055,-32.5336761474609,586.822265625,True,9.85770893096924,-33.8011512756348,589.584045410156,True,4.54560995101929,210.611724853516,53.7766151428223,True,0.508234798908234,0.30337205529213,True,-4.15003299713135,213.004486083984,54.6474914550781,True,0.492481827735901,0.29517138004303,True,3.41632080078125,True,3.53330993652344
6,384.013558133333,True,-49.8793487548828,-32.5309371948242,586.786254882813,True,9.8542947769165,-33.7966156005859,589.567260742188,True,4.453209400177,211.020370483398,53.9253082275391,True,0.508067429065704,0.301971614360809,True,-4.35208654403687,215.881134033203,55.6945190429688,True,0.492115795612335,0.285312235355377,True,3.41763305664063,True,3.524658203125
7,384.0152248,True,-49.8853797912598,-32.5282897949219,586.819213867188,True,9.85239124298096,-33.7930068969727,589.556274414063,True,2.98645853996277,211.348403930664,54.0447082519531,True,0.505410194396973,0.300847291946411,True,-3.09370994567871,214.945510864258,55.3539810180664,True,0.494395434856415,0.288518905639648,True,3.40908813476563,True,3.52947998046875
8,384.016891466667,True,-49.8855628967285,-32.5274505615234,586.810668945313,True,9.85061264038086,-33.7922782897949,589.576538085938,True,4.63757705688477,210.388519287109,53.6953582763672,True,0.508401393890381,0.304137080907822,True,-3.92525458335876,214.815017700195,55.3064994812012,True,0.492889046669006,0.288966119289398,True,3.40713500976563,True,3.53424072265625
9,384.018558133333,True,-49.889762878418,-32.5241546630859,586.834228515625,True,9.84881782531738,-33.7929306030273,589.578796386719,True,4.35592079162598,211.894973754883,54.2436752319336,True,0.507891178131104,0.29897403717041,True,-5.68267726898193,215.084228515625,55.4044570922852,True,0.489705324172974,0.288043528795242,True,3.40673828125,True,3.52259826660156
10,384.0202248,True,-49.8918418884277,-32.5293350219727,586.832275390625,True,9.84564590454102,-33.787727355957,589.548583984375,True,5.40440511703491,210.226165771484,53.6362609863281,True,0.509790599346161,0.304693549871445,True,-3.7467474937439,215.031478881836,55.3852424621582,True,0.493212401866913,0.288224279880524,True,3.417724609375,True,3.52754211425781
11,384.021891466667,True,-49.8948745727539,-32.5180358886719,586.81396484375,True,9.84198188781738,-33.786003112793,589.548950195313,True,3.87261700630188,212.222564697266,54.3629112243652,True,0.507015645503998,0.297851264476776,True,-4.65410900115967,216.254211425781,55.8303108215332,True,0.491568624973297,0.284033596515656,True,3.410888671875,True,3.52287292480469
12,384.023558133333,True,-49.8983688354492,-32.5278053283691,586.802795410156,True,9.84108352661133,-33.7857933044434,589.549072265625,True,3.83909893035889,209.574768066406,53.3991775512695,True,0.506954908370972,0.306926101446152,True,-5.29813814163208,215.921234130859,55.7091293334961,True,0.490401923656464,0.285174787044525,True,3.42298889160156,True,3.51815795898438
13,384.0252248,True,-49.9000930786133,-32.5233688354492,586.783508300781,True,9.83909893035889,-33.7839202880859,589.544250488281,True,6.22813034057617,210.356536865234,53.6837005615234,True,0.511282861232758,0.304246783256531,True,-4.41978645324707,214.098526000977,55.0456771850586,True,0.491993188858032,0.291421860456467,True,3.42427062988281,True,3.53604125976563
14,384.026891466667,True,-49.9030838012695,-32.5237998962402,586.809875488281,True,9.83772468566895,-33.7818450927734,589.583740234375,True,5.23046636581421,209.407379150391,53.3382263183594,True,0.509475469589233,0.307499766349792,True,-5.01408672332764,213.995361328125,55.0081253051758,True,0.49091649055481,0.291775345802307,True,3.42190551757813,True,3.53492736816406
15,384.028558133333,True,-49.9031829833984,-32.5215911865234,586.781860351563,True,9.83415126800537,-33.7794799804688,589.555053710938,True,4.03814792633057,210.177825927734,53.6186370849609,True,0.507315516471863,0.304859220981598,True,-3.88063406944275,215.293701171875,55.480712890625,True,0.492969870567322,0.287325531244278,True,3.41790771484375,True,3.52565002441406
16,384.0302248,True,-49.9099960327148,-32.5192031860352,586.799682617188,True,9.83008003234863,-33.7742691040039,589.546020507813,True,6.26232481002808,208.481475830078,53.0012512207031,True,0.511344850063324,0.310673147439957,True,-5.47423076629639,215.002700805664,55.3747482299805,True,0.490082919597626,0.288322955369949,True,3.42384338378906,True,3.52394104003906
17,384.031891466667,True,-49.912467956543,-32.5152969360352,586.772766113281,True,9.82906246185303,-33.7775650024414,589.56591796875,True,7.36772632598877,208.133605957031,52.8746185302734,True,0.513347327709198,0.311865359544754,True,-5.45125246047974,215.426605224609,55.5290832519531,True,0.490124523639679,0.286870002746582,True,3.43681335449219,True,3.52320861816406
18,384.033558133333,True,-49.9155883789063,-32.5123176574707,586.776489257813,True,9.82476425170898,-33.7704887390137,589.573120117188,True,6.61107683181763,210.828262329102,53.8554077148438,True,0.511976599693298,0.302630007266998,True,-5.07119464874268,215.277252197266,55.474723815918,True,0.490813016891479,0.287381887435913,True,3.42752075195313,True,3.53785705566406
19,384.0352248,True,-49.9195327758789,-32.512638092041,586.772827148438,True,9.82414531707764,-33.7710723876953,589.58740234375,True,5.99525260925293,210.990081787109,53.9142684936523,True,0.510860979557037,0.302075445652008,True,-6.48172473907471,215.507080078125,55.5583953857422,True,0.488257706165314,0.286594182252884,True,3.426025390625,True,3.53387451171875
20,384.036891466667,True,-49.9210891723633,-32.5116081237793,586.732238769531,True,9.81705856323242,-33.7660751342773,589.559265136719,True,5.13158702850342,209.866943359375,53.5055236816406,True,0.509296357631683,0.30592468380928,True,-4.04779720306396,214.983169555664,55.36767578125,True,0.49266704916954,0.28838986158371,True,3.41220092773438,True,3.52577209472656
21,384.038558133333,True,-49.9229507446289,-32.5105895996094,586.731994628906,True,9.81693840026855,-33.7701110839844,589.577514648438,True,4.40318012237549,209.813583374023,53.486083984375,True,0.507976770401001,0.306107521057129,True,-4.6801962852478,213.911056518555,54.9774932861328,True,0.49152135848999,0.292064249515533,True,3.42692565917969,True,3.54148864746094
22,384.0402248,True,-49.9272270202637,-32.5128059387207,586.733154296875,True,9.80594825744629,-33.7590141296387,589.532653808594,True,5.06527328491211,210.569274902344,53.7611083984375,True,0.509176254272461,0.303517639636993,True,-4.3461971282959,215.96321105957,55.7243614196777,True,0.49212646484375,0.285030871629715,True,3.41755676269531,True,3.52754211425781
23,384.041891466667,True,-49.9288291931152,-32.5161399841309,586.714477539063,True,9.80145263671875,-33.7582130432129,589.507934570313,True,4.93923950195313,207.985000610352,52.8205261230469,True,0.508947908878326,0.312374711036682,True,-4.71214771270752,215.741729736328,55.6437454223633,True,0.491463512182236,0.285790055990219,True,3.43353271484375,True,3.52314758300781
24,384.043558133333,True,-49.9340438842773,-32.5108795166016,586.706115722656,True,9.79566669464111,-33.7525253295898,589.549682617188,True,6.97756481170654,208.926452636719,53.1632308959961,True,0.512640476226807,0.309148013591766,True,-5.09252595901489,216.777786254883,56.020866394043,True,0.490774393081665,0.28223916888237,True,3.44325256347656,True,3.52239990234375
25,384.0452248,True,-49.9376907348633,-32.509105682373,586.710327148438,True,9.79348373413086,-33.7517471313477,589.552551269531,True,4.43826198577881,208.791595458984,53.114143371582,True,0.508040308952332,0.309610188007355,True,-4.04103755950928,215.165863037109,55.4342155456543,True,0.492679297924042,0.287763595581055,True,3.43955993652344,True,3.52841186523438
26,384.046891466667,True,-49.9437026977539,-32.5078964233398,586.728820800781,True,9.78624820709229,-33.7512130737305,589.57958984375,True,6.74047660827637,209.839447021484,53.495491027832,True,0.512210965156555,0.306018948554993,True,-4.92358303070068,215.609268188477,55.5955467224121,True,0.491080492734909,0.286244094371796,True,3.42793273925781,True,3.52320861816406
27,384.048558133333,True,-49.9470138549805,-32.5009384155273,586.729858398438,True,9.78155136108398,-33.746826171875,589.564697265625,True,5.95562839508057,210.909240722656,53.884895324707,True,0.510789215564728,0.302352428436279,True,-4.04061079025269,215.912902832031,55.7061080932617,True,0.492680072784424,0.285203337669373,True,3.41310119628906,True,3.52444458007813
28,384.0502248,True,-49.9509162902832,-32.5070991516113,586.737060546875,True,9.77560520172119,-33.7475051879883,589.575073242188,True,4.57531118392944,209.142272949219,53.2417297363281,True,0.508288621902466,0.308408409357071,True,-3.80834341049194,215.406341552734,55.5217170715332,True,0.493100821971893,0.28693950176239,True,3.43496704101563,True,3.53683471679688
29,384.051891466667,True,-49.9560012817383,-32.5056381225586,586.738891601563,True,9.77116394042969,-33.7429580688477,589.576171875,True,6.48667001724243,208.293960571289,52.932991027832,True,0.511751234531403,0.31131574511528,True,-4.95387029647827,216.584014892578,55.9503402709961,True,0.491025596857071,0.282903224229813,True,3.43238830566406,True,3.52145385742188
30,384.053558133333,True,-49.9594879150391,-32.503044128418,586.726257324219,True,9.76755142211914,-33.7488708496094,589.596740722656,True,4.6140923500061,211.473114013672,54.0901184082031,True,0.508358895778656,0.300419837236404,True,-4.58224725723267,214.165100097656,55.0699310302734,True,0.491698831319809,0.291193604469299,True,3.41767883300781,True,3.54576110839844
31,384.0552248,True,-49.9665451049805,-32.503490447998,586.729309082031,True,9.76060676574707,-33.7372131347656,589.619384765625,True,5.9524621963501,208.928558349609,53.1639938354492,True,0.510783493518829,0.309140801429749,True,-5.44622993469238,216.857269287109,56.0497894287109,True,0.49013364315033,0.281966745853424,True,3.427734375,True,3.51863098144531
32,384.056891466667,True,-49.9699478149414,-32.4999046325684,586.74169921875,True,9.75615501403809,-33.734935760498,589.59765625,True,5.27698040008545,209.834579467773,53.4937438964844,True,0.509559750556946,0.306035578250885,True,-3.27324056625366,216.508605957031,55.9228744506836,True,0.494070261716843,0.283161699771881,True,3.43429565429688,True,3.53665161132813
33,384.058558133333,True,-49.9777412414551,-32.4919853210449,586.732604980469,True,9.75329494476318,-33.7400131225586,589.614013671875,True,5.5091552734375,212.323532104492,54.3996276855469,True,0.509980320930481,0.297505259513855,True,-3.61723852157593,213.848693847656,54.9547500610352,True,0.493447065353394,0.292278051376343,True,3.42070007324219,True,3.54618835449219
34,384.0602248,True,-49.9812240600586,-32.5047149658203,586.742004394531,True,9.74908256530762,-33.7342529296875,589.611999511719,True,5.68782138824463,209.459289550781,53.3571319580078,True,0.510304033756256,0.307321846485138,True,-5.1158595085144,214.847045898438,55.3181495666504,True,0.490732133388519,0.288856387138367,True,3.4385986328125,True,3.525390625
35,384.061891466667,True,-49.9846725463867,-32.4975280761719,586.739990234375,True,9.74668025970459,-33.732494354248,589.585327148438,True,7.35211420059204,211.800933837891,54.2094345092773,True,0.51331901550293,0.299296319484711,True,-4.75102996826172,214.545104980469,55.2082366943359,True,0.491393089294434,0.289891242980957,True,3.42900085449219,True,3.53590393066406
36,384.063558133333,True,-49.9892807006836,-32.498592376709,586.716247558594,True,9.74104881286621,-33.7318878173828,589.590270996094,True,6.87340831756592,208.668411254883,53.069263458252,True,0.512451827526093,0.310032457113266,True,-2.90261125564575,214.667144775391,55.2526702880859,True,0.49474161863327,0.289472907781601,True,3.455322265625,True,3.53915405273438
37,384.0652248,True,-49.9949378967285,-32.4955253601074,586.738220214844,True,9.73830509185791,-33.7350540161133,589.558715820313,True,5.99097347259521,211.593292236328,54.1338653564453,True,0.510853230953217,0.300007939338684,True,-5.0321102142334,212.630096435547,54.5111885070801,True,0.490883886814117,0.296454668045044,True,3.43414306640625,True,3.54132080078125
38,384.066891466667,True,-49.9973754882813,-32.4966087341309,586.7197265625,True,9.73442840576172,-33.7243003845215,589.563659667969,True,5.7054967880249,210.6474609375,53.7895965576172,True,0.5103360414505,0.303249597549438,True,-4.54317855834961,213.674041748047,54.8911895751953,True,0.491769641637802,0.292876660823822,True,3.42799377441406,True,3.53718566894531
39,384.068558133333,True,-50.0022964477539,-32.5,586.670349121094,True,9.73068046569824,-33.7268257141113,589.556945800781,True,5.88511753082275,210.845825195313,53.86181640625,True,0.510661482810974,0.30256974697113,True,-4.71033811569214,213.687683105469,54.8961334228516,True,0.491466820240021,0.292829930782318,True,3.42716979980469,True,3.54638671875
40,384.0702248,True,-50.0066795349121,-32.5007820129395,586.717041015625,True,9.72664451599121,-33.7220306396484,589.548217773438,True,4.89640951156616,208.452362060547,52.9906692504883,True,0.508870303630829,0.310772836208344,True,-4.99008274078369,214.015350341797,55.0154266357422,True,0.49096006155014,0.291706919670105,True,3.44119262695313,True,3.54135131835938
41,384.071891466667,True,-50.0118026733398,-32.4978523254395,586.708679199219,True,9.72550964355469,-33.7277450561523,589.535278320313,True,5.70438957214355,209.075057983398,53.2173004150391,True,0.510334014892578,0.308638751506805,True,-4.79164981842041,213.311447143555,54.7592086791992,True,0.491319477558136,0.294119328260422,True,3.42619323730469,True,3.53271484375
42,384.073558133333,True,-50.0138626098633,-32.4882583618164,586.685180664063,True,9.72048282623291,-33.7203140258789,589.514282226563,True,4.09593915939331,212.09831237793,54.3176574707031,True,0.507420182228088,0.298277139663696,True,-6.31753540039063,214.209045410156,55.0859069824219,True,0.488555192947388,0.291043043136597,True,3.41065979003906,True,3.52943420410156
43,384.0752248,True,-50.0169258117676,-32.4884719848633,586.653869628906,True,9.71785163879395,-33.71923828125,589.524047851563,True,5.19309139251709,209.350891113281,53.3177032470703,True,0.509407758712769,0.307693392038345,True,-7.33436965942383,214.653076171875,55.2475204467773,True,0.486713111400604,0.289521127939224,True,3.43670654296875,True,3.53329467773438
44,384.076891466667,True,-50.0207481384277,-32.492317199707,586.662170410156,True,9.71184921264648,-33.7142868041992,589.501403808594,True,3.57255125045776,209.106964111328,53.2289352416992,True,0.506472051143646,0.30852934718132,True,-5.99714756011963,214.761596679688,55.2870407104492,True,0.48913562297821,0.289149224758148,True,3.43203735351563,True,3.52462768554688
45,384.078558133333,True,-50.0248794555664,-32.4937400817871,586.644897460938,True,9.70841693878174,-33.7113418579102,589.483764648438,True,5.84150791168213,207.54655456543,52.6609725952148,True,0.510582447052002,0.31387734413147,True,-8.58631134033203,215.20654296875,55.4489898681641,True,0.484445095062256,0.28762423992157,True,3.44607543945313,True,3.52786254882813
46,384.0802248,True,-50.0282592773438,-32.4855766296387,586.635009765625,True,9.70449066162109,-33.7153625488281,589.477172851563,True,4.35952234268188,212.205200195313,54.3565673828125,True,0.507897734642029,0.297910809516907,True,-6.68768501281738,214.142532348633,55.0617218017578,True,0.487884640693665,0.291270971298218,True,3.42005920410156,True,3.53358459472656
47,384.081891466667,True,-50.0367469787598,-32.4803199768066,586.644714355469,True,9.6985912322998,-33.709587097168,589.451049804688,True,5.28476428985596,210.977416992188,53.9097290039063,True,0.509573817253113,0.302118748426437,True,-6.38521242141724,213.633636474609,54.8764724731445,True,0.488432615995407,0.29301506280899,True,3.42889404296875,True,3.53819274902344
48,384.083558133333,True,-50.03466796875,-32.4849433898926,586.580932617188,True,9.69199180603027,-33.7069702148438,589.425537109375,True,5.81334114074707,209.563049316406,53.3949279785156,True,0.510531425476074,0.306966245174408,True,-5.26052951812744,214.406402587891,55.1577606201172,True,0.490470081567764,0.290366619825363,True,3.44036865234375,True,3.54780578613281
49,384.0852248,True,-50.0412483215332,-32.482723236084,586.607666015625,True,9.68788433074951,-33.7094268798828,589.42041015625,True,4.3349027633667,209.535369873047,53.3848915100098,True,0.507853090763092,0.307060956954956,True,-4.93241596221924,212.617401123047,54.5066146850586,True,0.491064459085464,0.296498030424118,True,3.43537902832031,True,3.54232788085938
50,384.086891466667,True,-50.0435066223145,-32.4723815917969,586.557983398438,True,9.68280506134033,-33.7039794921875,589.41943359375,True,4.39593029022217,213.018493652344,54.6526222229004,True,0.50796365737915,0.295123338699341,True,-6.37110137939453,214.245727539063,55.0992660522461,True,0.488458156585693,0.290917336940765,True,3.41688537597656,True,3.53713989257813
51,384.088558133333,True,-50.045970916748,-32.4801406860352,586.541015625,True,9.67625999450684,-33.696159362793,589.413208007813,True,5.55209732055664,209.478149414063,53.3640289306641,True,0.510058164596558,0.307257175445557,True,-5.57002735137939,216.470703125,55.9091262817383,True,0.48990935087204,0.283291548490524,True,3.43820190429688,True,3.52401733398438
52,384.0902248,True,-50.0503005981445,-32.4789543151855,586.524841308594,True,9.67282485961914,-33.6965103149414,589.407104492188,True,6.15533971786499,208.583099365234,53.0382461547852,True,0.51115095615387,0.310324788093567,True,-6.09863042831421,216.591049194336,55.9528732299805,True,0.488951772451401,0.282879173755646,True,3.4349365234375,True,3.53306579589844
53,384.091891466667,True,-50.0559234619141,-32.4786148071289,586.551513671875,True,9.6678638458252,-33.6887702941895,589.406127929688,True,4.88013887405396,209.964599609375,53.5410232543945,True,0.50884085893631,0.305590063333511,True,-6.65702247619629,216.906265258789,56.067626953125,True,0.487940192222595,0.281798779964447,True,3.4302978515625,True,3.53276062011719
54,384.093558133333,True,-50.0596466064453,-32.4705047607422,586.538635253906,True,9.66376304626465,-33.6980972290039,589.398559570313,True,5.58699798583984,209.858276367188,53.5023574829102,True,0.510121405124664,0.305954426527023,True,-5.76312923431396,213.961395263672,54.9957656860352,True,0.489559561014175,0.291891872882843,True,3.44390869140625,True,3.54154968261719
55,384.0952248,True,-50.0640029907227,-32.4720573425293,586.527893066406,True,9.65804290771484,-33.69287109375,589.383239746094,True,6.05428695678711,210.891723632813,53.8785171508789,True,0.510967969894409,0.302412509918213,True,-5.69948959350586,212.731964111328,54.5483169555664,True,0.489674866199493,0.296105325222015,True,3.41932678222656,True,3.53804016113281
56,384.096891466667,True,-50.0696411132813,-32.4776763916016,586.540649414063,True,9.6531810760498,-33.6926460266113,589.406311035156,True,6.27465152740479,207.4541015625,52.6272811889648,True,0.51136714220047,0.31419426202774,True,-5.44760513305664,215.383163452148,55.5132675170898,True,0.490131139755249,0.287018954753876,True,3.44313049316406,True,3.51913452148438
57,384.098558133333,True,-50.0746231079102,-32.4749450683594,586.542297363281,True,9.64939308166504,-33.6914520263672,589.398803710938,True,6.99562168121338,207.505126953125,52.6458892822266,True,0.512673258781433,0.314019322395325,True,-6.45329427719116,214.913650512695,55.3423461914063,True,0.488309264183044,0.288628101348877,True,3.45960998535156,True,3.53318786621094
58,384.1002248,True,-50.0813140869141,-32.469783782959,586.591796875,True,9.64365005493164,-33.6917762756348,589.424438476563,True,4.39166259765625,211.308364868164,54.0301513671875,True,0.507955968379974,0.300984531641006,True,-3.8346848487854,213.46614074707,54.8155136108398,True,0.493053138256073,0.293589174747467,True,3.42857360839844,True,3.55226135253906
59,384.101891466667,True,-50.0893249511719,-32.4706344604492,586.597717285156,True,9.64131832122803,-33.6937637329102,589.453491210938,True,6.21358680725098,209.500640869141,53.372184753418,True,0.511256515979767,0.307180166244507,True,-4.9664158821106,211.628875732422,54.1467895507813,True,0.491002857685089,0.299886047840118,True,3.43486022949219,True,3.55064392089844
60,384.103558133333,True,-50.0924453735352,-32.4631576538086,586.594482421875,True,9.6373119354248,-33.6920547485352,589.444458007813,True,4.14739322662354,210.860229492188,53.8670501708984,True,0.507513403892517,0.302520424127579,True,-3.47597551345825,212.817504882813,54.5794448852539,True,0.493702948093414,0.295812249183655,True,3.43157958984375,True,3.5565185546875
61,384.1052248,True,-50.0946273803711,-32.4594688415527,586.567749023438,True,9.63486194610596,-33.6886901855469,589.420166015625,True,4.59417629241943,210.767700195313,53.8333358764648,True,0.508322834968567,0.302837610244751,True,-4.83903169631958,214.013153076172,55.0146331787109,True,0.491233646869659,0.29171434044838,True,3.42315673828125,True,3.55180358886719
62,384.106891466667,True,-50.1009216308594,-32.4596405029297,586.57666015625,True,9.63425350189209,-33.691593170166,589.462646484375,True,5.60620021820068,211.380218505859,54.0563430786133,True,0.510156154632568,0.300738215446472,True,-4.66823530197144,212.918395996094,54.6161994934082,True,0.491543054580688,0.295466333627701,True,3.43394470214844,True,3.54893493652344
63,384.108558133333,True,-50.1034469604492,-32.4609222412109,586.559509277344,True,9.62651538848877,-33.6821823120117,589.409973144531,True,4.21517419815063,212.101104736328,54.3186874389648,True,0.507636189460754,0.298267602920532,True,-5.29728984832764,214.482986450195,55.1856460571289,True,0.490403473377228,0.29010409116745,True,3.41506958007813,True,3.55006408691406
64,384.1102248,True,-50.107666015625,-32.4691619873047,586.566650390625,True,9.62623691558838,-33.686092376709,589.406127929688,True,7.38965320587158,208.973205566406,53.1802062988281,True,0.513387024402618,0.30898779630661,True,-6.02792072296143,213.880996704102,54.9664916992188,True,0.489079833030701,0.292167365550995,True,3.44587707519531,True,3.54653930664063
65,384.111891466667,True,-50.1125411987305,-32.4593276977539,586.5673828125,True,9.62215137481689,-33.6836051940918,589.42626953125,True,4.75397396087646,209.614288330078,53.4135360717773,True,0.508612334728241,0.3067906498909,True,-5.69589281082153,214.036346435547,55.0230331420898,True,0.489681363105774,0.291634976863861,True,3.44033813476563,True,3.55279541015625
66,384.113558133333,True,-50.1124114990234,-32.4616470336914,586.555358886719,True,9.62255668640137,-33.6867065429688,589.418701171875,True,6.82822704315186,208.493774414063,53.0057220458984,True,0.512369930744171,0.310630947351456,True,-4.06727027893066,212.389831542969,54.423770904541,True,0.492631733417511,0.297278046607971,True,3.45193481445313,True,3.56755065917969
67,384.1152248,True,-50.1162643432617,-32.4606666564941,586.549194335938,True,9.61963653564453,-33.682731628418,589.39892578125,True,6.13891649246216,208.025207519531,52.8351821899414,True,0.511121213436127,0.312236905097961,True,-4.77140235900879,213.362762451172,54.7779312133789,True,0.491356194019318,0.293943405151367,True,3.454345703125,True,3.55033874511719
68,384.116891466667,True,-50.1156806945801,-32.4619750976563,586.521728515625,True,9.61917686462402,-33.6832847595215,589.375549316406,True,6.47017574310303,209.122100830078,53.2344284057617,True,0.51172137260437,0.308477520942688,True,-5.86961936950684,212.569274902344,54.4891052246094,True,0.489366620779037,0.296663016080856,True,3.439697265625,True,3.56381225585938
69,384.118558133333,True,-50.121467590332,-32.4542083740234,586.5205078125,True,9.61629867553711,-33.6788711547852,589.382568359375,True,5.54518747329712,210.880630493164,53.8744735717773,True,0.510045647621155,0.302450507879257,True,-5.9027042388916,214.871704101563,55.3271179199219,True,0.489306718111038,0.288771837949753,True,3.43885803222656,True,3.55221557617188
70,384.1202248,True,-50.1221466064453,-32.4558448791504,586.503723144531,True,9.61338233947754,-33.6788139343262,589.353393554688,True,6.73408317565918,208.47200012207,52.9977874755859,True,0.512199401855469,0.310705661773682,True,-5.19431734085083,212.630447387695,54.511344909668,True,0.490590035915375,0.296453356742859,True,3.44471740722656,True,3.55130004882813
71,384.121891466667,True,-50.123649597168,-32.4580612182617,586.509094238281,True,9.61222076416016,-33.677116394043,589.357543945313,True,5.49060869216919,208.617538452148,53.0507736206055,True,0.509946703910828,0.310206770896912,True,-5.34810638427734,214.417953491211,55.1619491577148,True,0.490311414003372,0.29032701253891,True,3.44877624511719,True,3.56233215332031
72,384.123558133333,True,-50.126537322998,-32.4564781188965,586.526245117188,True,9.60816192626953,-33.6725082397461,589.333618164063,True,5.93554782867432,206.582778930664,52.3101425170898,True,0.51075279712677,0.317180573940277,True,-2.94029235839844,216.087493896484,55.7696380615234,True,0.494673371315002,0.28460493683815,True,3.46800231933594,True,3.56033325195313
73,384.1252248,True,-50.1291122436523,-32.4568557739258,586.508178710938,True,9.60781478881836,-33.6738204956055,589.336303710938,True,4.03549289703369,209.723541259766,53.4533462524414,True,0.507310748100281,0.306416124105453,True,-5.24436855316162,214.224182128906,55.0914344787598,True,0.490499287843704,0.290991067886353,True,3.42903137207031,True,3.55419921875
74,384.126891466667,True,-50.1314430236816,-32.4534378051758,586.477905273438,True,9.60531044006348,-33.6711883544922,589.335571289063,True,7.65523242950439,207.128540039063,52.5088081359863,True,0.51386821269989,0.315310001373291,True,-4.82517433166504,214.923309326172,55.3458862304688,True,0.49125874042511,0.288594990968704,True,3.45762634277344,True,3.56236267089844
75,384.128558133333,True,-50.1315307617188,-32.4568061828613,586.486206054688,True,9.60355567932129,-33.6693572998047,589.326782226563,True,5.22168159484863,207.030822753906,52.473258972168,True,0.509459614753723,0.315644979476929,True,-5.00471591949463,215.020690917969,55.3813247680664,True,0.490933537483215,0.288261294364929,True,3.45390319824219,True,3.55168151855469
76,384.1302248,True,-50.1336441040039,-32.4518127441406,586.490600585938,True,9.60329914093018,-33.6720733642578,589.321533203125,True,4.91789054870605,209.920928955078,53.5251770019531,True,0.508909225463867,0.305739670991898,True,-5.17944574356079,213.9033203125,54.9746170043945,True,0.490616977214813,0.292090833187103,True,3.43595886230469,True,3.56101989746094
77,384.131891466667,True,-50.1340751647949,-32.4435844421387,586.445434570313,True,9.60186100006104,-33.6739120483398,589.305847167969,True,6.08536052703857,210.537872314453,53.749683380127,True,0.511024236679077,0.303625226020813,True,-5.26297473907471,213.631866455078,54.8758430480957,True,0.490465641021729,0.29302117228508,True,3.43510437011719,True,3.56680297851563
78,384.133558133333,True,-50.1365127563477,-32.4499702453613,586.448486328125,True,9.59801864624023,-33.6679077148438,589.309020996094,True,7.39503765106201,206.411224365234,52.2477340698242,True,0.513396799564362,0.317768514156342,True,-5.04745292663574,214.344451904297,55.1351852416992,True,0.49085608124733,0.290578871965408,True,3.46202087402344,True,3.55488586425781
79,384.1352248,True,-50.1360549926758,-32.4442481994629,586.429443359375,True,9.59673309326172,-33.6691665649414,589.31982421875,True,5.17832469940186,207.82844543457,52.7635879516602,True,0.509380996227264,0.312911242246628,True,-5.92648935317993,212.97233581543,54.6357421875,True,0.489263653755188,0.295281648635864,True,3.44090270996094,True,3.56161499023438
80,384.136891466667,True,-50.1387786865234,-32.4374389648438,586.409484863281,True,9.59552383422852,-33.663444519043,589.290893554688,True,5.35837984085083,209.561935424805,53.3945159912109,True,0.50970721244812,0.306970000267029,True,-5.50529479980469,215.343353271484,55.4987716674805,True,0.49002668261528,0.287155359983444,True,3.44161987304688,True,3.55026245117188
81,384.138558133333,True,-50.1393051147461,-32.4385452270508,586.434326171875,True,9.59429454803467,-33.6662826538086,589.290710449219,True,4.07552242279053,210.362182617188,53.6857833862305,True,0.507383227348328,0.304227352142334,True,-6.14483880996704,213.952835083008,54.9926681518555,True,0.488868087530136,0.29192116856575,True,3.43327331542969,True,3.56033325195313
82,384.1402248,True,-50.1406860351563,-32.441032409668,586.397827148438,True,9.59231662750244,-33.6583137512207,589.285522460938,True,6.23266220092773,207.456634521484,52.6282272338867,True,0.511291027069092,0.314185559749603,True,-6.85168552398682,215.245635986328,55.463207244873,True,0.487587511539459,0.287490248680115,True,3.45068359375,True,3.54142761230469
83,384.141891466667,True,-50.1403732299805,-32.4423370361328,586.380432128906,True,9.59227752685547,-33.6630783081055,589.272766113281,True,7.76952266693115,206.722412109375,52.3609848022461,True,0.51407527923584,0.316701948642731,True,-5.98081159591675,213.376861572266,54.7830352783203,True,0.489165246486664,0.293895155191422,True,3.45817565917969,True,3.55943298339844
84,384.143558133333,True,-50.1397361755371,-32.4417991638184,586.394409179688,True,9.5915412902832,-33.6635818481445,589.284912109375,True,5.28209257125854,207.402008056641,52.6083679199219,True,0.509568989276886,0.314372718334198,True,-6.07313632965088,213.424621582031,54.800407409668,True,0.488997995853424,0.293731391429901,True,3.45370483398438,True,3.54864501953125
85,384.1452248,True,-50.1406898498535,-32.4375610351563,586.379821777344,True,9.58943367004395,-33.6584663391113,589.268615722656,True,5.35097312927246,208.602111816406,53.0451278686523,True,0.509693801403046,0.310259699821472,True,-6.15118789672852,214.26643371582,55.1067810058594,True,0.488856554031372,0.290846318006516,True,3.45455932617188,True,3.55349731445313
86,384.146891466667,True,-50.1432342529297,-32.4378280639648,586.386962890625,True,9.58924198150635,-33.6559677124023,589.291137695313,True,7.37534999847412,207.59065246582,52.677001953125,True,0.513361155986786,0.313726246356964,True,-6.24669313430786,216.681350708008,55.9857292175293,True,0.488683521747589,0.282569706439972,True,3.46112060546875,True,3.55093383789063
87,384.148558133333,True,-50.1453590393066,-32.4358215332031,586.399536132813,True,9.58948516845703,-33.6597366333008,589.279907226563,True,6.07083892822266,207.930511474609,52.8006973266602,True,0.510997891426086,0.312561452388763,True,-7.48453044891357,213.677825927734,54.8925247192383,True,0.486441075801849,0.292863726615906,True,3.46011352539063,True,3.54721069335938
88,384.1502248,True,-50.1440544128418,-32.4318389892578,586.354614257813,True,9.58895683288574,-33.6596298217773,589.281127929688,True,7.02126502990723,207.93278503418,52.8015289306641,True,0.512719690799713,0.312553703784943,True,-5.04248523712158,214.212356567383,55.0871238708496,True,0.490865081548691,0.2910315990448,True,3.46128845214844,True,3.56752014160156
89,384.151891466667,True,-50.1445541381836,-32.4273567199707,586.359680175781,True,9.5883674621582,-33.6595153808594,589.29150390625,True,5.62550735473633,209.658630371094,53.4297103881836,True,0.510191142559052,0.3066386282444,True,-6.51716899871826,214.505279541016,55.1937255859375,True,0.488193511962891,0.290027737617493,True,3.4439697265625,True,3.55926513671875
90,384.153558133333,True,-50.1467971801758,-32.4341888427734,586.350891113281,True,9.58610725402832,-33.655345916748,589.279541015625,True,6.24312305450439,207.061782836914,52.4845428466797,True,0.51130998134613,0.315538823604584,True,-5.56101608276367,213.847244262695,54.9542236328125,True,0.489925682544708,0.292282998561859,True,3.4560546875,True,3.5670166015625
91,384.1552248,True,-50.1435241699219,-32.427619934082,586.317260742188,True,9.58727645874023,-33.659294128418,589.283081054688,True,6.21293067932129,208.226898193359,52.9085807800293,True,0.511255383491516,0.311545640230179,True,-6.16141223907471,212.571319580078,54.4898147583008,True,0.488838076591492,0.296656042337418,True,3.45088195800781,True,3.56668090820313
92,384.156891466667,True,-50.1480712890625,-32.4356422424316,586.349182128906,True,9.58733177185059,-33.6513824462891,589.292175292969,True,7.49278545379639,206.379470825195,52.2361717224121,True,0.513573944568634,0.317877352237701,True,-7.362229347229,215.286804199219,55.4781837463379,True,0.486662626266479,0.287349224090576,True,3.463134765625,True,3.55355834960938
93,384.158558133333,True,-50.1461410522461,-32.4309692382813,586.303771972656,True,9.58527946472168,-33.6502838134766,589.278686523438,True,6.55640077590942,207.246734619141,52.5518417358398,True,0.511877536773682,0.31490495800972,True,-6.40639114379883,215.28466796875,55.4773712158203,True,0.488394230604172,0.287356555461884,True,3.45231628417969,True,3.54690551757813
94,384.1602248,True,-50.1460494995117,-32.4309310913086,586.321166992188,True,9.58650207519531,-33.6483459472656,589.299499511719,True,6.33791828155518,206.900451660156,52.4258232116699,True,0.511481702327728,0.316091775894165,True,-7.31857776641846,213.564331054688,54.8512725830078,True,0.486741721630096,0.29325258731842,True,3.45414733886719,True,3.551513671875
95,384.161891466667,True,-50.1474876403809,-32.4308280944824,586.313232421875,True,9.58570671081543,-33.6475143432617,589.289428710938,True,6.73647117614746,205.99153137207,52.094970703125,True,0.512203812599182,0.319206953048706,True,-5.19131135940552,215.167938232422,55.4349136352539,True,0.490595459938049,0.287756592035294,True,3.46945190429688,True,3.56686401367188
96,384.163558133333,True,-50.145393371582,-32.4295234680176,586.298645019531,True,9.58513641357422,-33.6446914672852,589.278015136719,True,6.32976293563843,205.817810058594,52.0317344665527,True,0.511466979980469,0.319802343845367,True,-7.67627239227295,214.772766113281,55.2911071777344,True,0.486093729734421,0.289110958576202,True,3.46839904785156,True,3.54829406738281
97,384.1652248,True,-50.1505584716797,-32.4219093322754,586.329467773438,True,9.58603096008301,-33.6496963500977,589.27978515625,True,5.98502445220947,208.609664916992,53.0479354858398,True,0.510842442512512,0.310233771800995,True,-6.64485645294189,213.849639892578,54.9550933837891,True,0.487962245941162,0.292274832725525,True,3.44677734375,True,3.55592346191406
98,384.166891466667,True,-50.1497535705566,-32.426025390625,586.33154296875,True,9.58567047119141,-33.6484909057617,589.271240234375,True,6.89351367950439,209.084701538086,53.2208251953125,True,0.51248824596405,0.308605670928955,True,-6.74251365661621,213.402130126953,54.7922439575195,True,0.487785339355469,0.293808579444885,True,3.44711303710938,True,3.56802368164063
99,384.168558133333,True,-50.1506729125977,-32.419734954834,586.310668945313,True,9.58348083496094,-33.6370544433594,589.285034179688,True,6.96629238128662,208.088989257813,52.8584289550781,True,0.512620091438293,0.312018275260925,True,-5.76518583297729,218.188980102539,56.5345153808594,True,0.489555835723877,0.277402579784393,True,3.46299743652344,True,3.54985046386719
100,384.1702248,True,-50.1516494750977,-32.4255752563477,586.337036132813,True,9.58632659912109,-33.6448554992676,589.280517578125,True,6.13287019729614,207.845611572266,52.7698211669922,True,0.511110246181488,0.312852382659912,True,-5.82912397384644,214.811950683594,55.3053741455078,True,0.489439994096756,0.288976609706879,True,3.45225524902344,True,3.55384826660156
101,384.171891466667,True,-50.1512451171875,-32.4229507446289,586.306823730469,True,9.58749008178711,-33.6441650390625,589.284912109375,True,6.90726852416992,206.756164550781,52.373291015625,True,0.512513160705566,0.316586285829544,True,-6.89125204086304,215.100280761719,55.4102935791016,True,0.487515866756439,0.287988483905792,True,3.45814514160156,True,3.55769348144531
102,384.173558133333,True,-50.1521453857422,-32.417106628418,586.314453125,True,9.58656883239746,-33.643238067627,589.27001953125,True,5.60694408416748,209.766525268555,53.4689750671387,True,0.510157525539398,0.306268870830536,True,-5.28248167037964,214.283294677734,55.1129455566406,True,0.490430355072021,0.290788501501083,True,3.44070434570313,True,3.57817077636719
103,384.1752248,True,-50.1524314880371,-32.4147567749023,586.311950683594,True,9.58452987670898,-33.6371994018555,589.26806640625,True,5.46676635742188,211.714263916016,54.1778678894043,True,0.50990355014801,0.299593418836594,True,-4.55666255950928,215.176651000977,55.438117980957,True,0.491745203733444,0.287726700305939,True,3.44435119628906,True,3.56671142578125
104,384.176891466667,True,-50.1541595458984,-32.4210052490234,586.30517578125,True,9.58506393432617,-33.6365509033203,589.2587890625,True,7.49797439575195,207.684295654297,52.7111434936523,True,0.513583302497864,0.313405215740204,True,-4.52154684066772,215.528045654297,55.5659637451172,True,0.491808772087097,0.286522388458252,True,3.4617919921875,True,3.56132507324219
105,384.178558133333,True,-50.1504135131836,-32.4197883605957,586.282104492188,True,9.58567810058594,-33.636116027832,589.271362304688,True,7.12627792358398,206.701324462891,52.3533363342285,True,0.512909889221191,0.316774249076843,True,-5.81091785430908,215.243072509766,55.4622688293457,True,0.489472985267639,0.287499099969864,True,3.46511840820313,True,3.56436157226563
106,384.1802248,True,-50.1553268432617,-32.4162521362305,586.310913085938,True,9.58689212799072,-33.6361312866211,589.271423339844,True,6.79523086547852,209.100875854492,53.2266845703125,True,0.512310206890106,0.308550208806992,True,-6.69141292572021,214.292999267578,55.1164703369141,True,0.487877905368805,0.290755271911621,True,3.45442199707031,True,3.57725524902344
107,384.181891466667,True,-50.1554298400879,-32.4207572937012,586.295288085938,True,9.58661460876465,-33.6363754272461,589.266479492188,True,7.69481086730957,206.678771972656,52.3451118469238,True,0.51393985748291,0.316851556301117,True,-6.79166126251221,215.360107421875,55.5048637390137,True,0.487696290016174,0.287097930908203,True,3.46894836425781,True,3.56936645507813
108,384.183558133333,True,-50.1558227539063,-32.4152183532715,586.30029296875,True,9.58636283874512,-33.6369209289551,589.264465332031,True,5.62116575241089,208.464324951172,52.9950256347656,True,0.510183274745941,0.310731887817383,True,-5.52304553985596,212.989685058594,54.6420822143555,True,0.489994525909424,0.295222163200378,True,3.45654296875,True,3.5726318359375
109,384.1852248,True,-50.1555671691895,-32.418571472168,586.29248046875,True,9.58414745330811,-33.6318664550781,589.251403808594,True,7.21407890319824,206.926971435547,52.4354820251465,True,0.513069033622742,0.316000819206238,True,-5.38831996917725,214.822631835938,55.3092422485352,True,0.490238547325134,0.288940012454987,True,3.46762084960938,True,3.55999755859375
110,384.186891466667,True,-50.1596794128418,-32.4168930053711,586.311828613281,True,9.58452701568604,-33.6270599365234,589.300231933594,True,7.42149829864502,207.343490600586,52.5870513916016,True,0.513444721698761,0.314573347568512,True,-4.03860425949097,216.900756835938,56.0656089782715,True,0.492683708667755,0.281817734241486,True,3.46298217773438,True,3.5704345703125
111,384.188558133333,True,-50.157413482666,-32.4137306213379,586.285400390625,True,9.58349609375,-33.627025604248,589.272277832031,True,6.07996559143066,207.926147460938,52.799129486084,True,0.511014461517334,0.312576413154602,True,-7.20848178863525,215.712921142578,55.6332931518555,True,0.486941158771515,0.285888850688934,True,3.45901489257813,True,3.55526733398438
112,384.1902248,True,-50.1577377319336,-32.4186859130859,586.286010742188,True,9.58454322814941,-33.6294937133789,589.285766601563,True,7.07336950302124,208.239410400391,52.9131851196289,True,0.512814044952393,0.311502695083618,True,-6.70303726196289,214.504486083984,55.1934776306152,True,0.487856805324554,0.290030360221863,True,3.45005798339844,True,3.5684814453125
113,384.191891466667,True,-50.1613502502441,-32.4146003723145,586.310546875,True,9.58610725402832,-33.6304626464844,589.25732421875,True,7.31860637664795,208.074676513672,52.8532028198242,True,0.513258337974548,0.312067270278931,True,-7.08677911758423,214.688568115234,55.2604904174805,True,0.487161636352539,0.289399415254593,True,3.46128845214844,True,3.55567932128906
114,384.193558133333,True,-50.1623420715332,-32.4130249023438,586.30322265625,True,9.58329105377197,-33.629337310791,589.284790039063,True,6.0095911026001,206.988647460938,52.4579048156738,True,0.510886967182159,0.315789461135864,True,-4.77654075622559,214.695129394531,55.2628364562988,True,0.491346895694733,0.289377063512802,True,3.46232604980469,True,3.57621765136719
115,384.1952248,True,-50.1639175415039,-32.4149551391602,586.306274414063,True,9.58347702026367,-33.6303253173828,589.28857421875,True,7.53642559051514,207.006408691406,52.4643859863281,True,0.513652980327606,0.315728604793549,True,-5.9688515663147,213.680862426758,54.8937072753906,True,0.489186882972717,0.292853236198425,True,3.47456359863281,True,3.57234191894531
116,384.196891466667,True,-50.1666870117188,-32.4131088256836,586.300354003906,True,9.58115386962891,-33.6263198852539,589.222900390625,True,7.28643131256104,207.145782470703,52.5150527954102,True,0.513200044631958,0.315250992774963,True,-5.00633001327515,213.908935546875,54.976676940918,True,0.490930587053299,0.292071551084518,True,3.46559143066406,True,3.56903076171875
117,384.198558133333,True,-50.1682968139648,-32.4141845703125,586.338989257813,True,9.58237361907959,-33.6233901977539,589.223388671875,True,6.46302318572998,207.8876953125,52.7851333618164,True,0.511708378791809,0.3127081990242,True,-4.76825761795044,215.517639160156,55.5621643066406,True,0.491361856460571,0.286558091640472,True,3.46910095214844,True,3.58596801757813
118,384.2002248,True,-50.1684875488281,-32.4131164550781,586.317810058594,True,9.58352088928223,-33.6257171630859,589.237915039063,True,6.83836460113525,207.619079589844,52.6873321533203,True,0.512388348579407,0.313628852367401,True,-5.99882698059082,215.640869140625,55.6070556640625,True,0.489132583141327,0.286135733127594,True,3.46278381347656,True,3.57192993164063
119,384.201891466667,True,-50.1708602905273,-32.4103927612305,586.319091796875,True,9.5822696685791,-33.6232452392578,589.218933105469,True,6.75850915908813,208.815322875977,53.1227264404297,True,0.512243688106537,0.309528946876526,True,-6.68127822875977,214.414245605469,55.1606369018555,True,0.487896233797073,0.290339648723602,True,3.46437072753906,True,3.56988525390625
120,384.203558133333,True,-50.1735458374023,-32.4139099121094,586.32275390625,True,9.58134174346924,-33.6199150085449,589.2158203125,True,8.05539989471436,206.162200927734,52.1571044921875,True,0.514593064785004,0.318621903657913,True,-5.26564598083496,214.411407470703,55.1596069335938,True,0.490460753440857,0.290349394083023,True,3.48017883300781,True,3.56507873535156
121,384.2052248,True,-50.1708145141602,-32.4085426330566,586.281860351563,True,9.57916259765625,-33.6214599609375,589.199340820313,True,6.25136280059814,208.739135742188,53.095043182373,True,0.511324942111969,0.309789955615997,True,-7.521071434021,214.718200683594,55.2711982727051,True,0.486374855041504,0.289297997951508,True,3.45930480957031,True,3.56358337402344
122,384.206891466667,True,-50.1772079467773,-32.4090957641602,586.341125488281,True,9.57442188262939,-33.6090393066406,589.179016113281,True,6.51134061813354,208.987762451172,53.1855354309082,True,0.511795938014984,0.308937907218933,True,-6.93130683898926,216.284057617188,55.8411827087402,True,0.487443268299103,0.283931255340576,True,3.46597290039063,True,3.56025695800781
123,384.208558133333,True,-50.1794128417969,-32.4077835083008,586.323974609375,True,9.57583427429199,-33.6146545410156,589.196899414063,True,7.38038349151611,208.523300170898,53.0164794921875,True,0.513370275497437,0.310529768466949,True,-7.34273862838745,216.523651123047,55.9283752441406,True,0.486697942018509,0.28311014175415,True,3.46580505371094,True,3.55976867675781
124,384.2102248,True,-50.1792602539063,-32.4070816040039,586.326293945313,True,9.57418251037598,-33.6179504394531,589.186157226563,True,7.27321338653564,210.061004638672,53.5761299133301,True,0.513176143169403,0.305259585380554,True,-5.66463136672974,213.050796508789,54.6643142700195,True,0.489737957715988,0.295012712478638,True,3.46064758300781,True,3.58035278320313
125,384.211891466667,True,-50.1807327270508,-32.414234161377,586.34423828125,True,9.57192611694336,-33.6066284179688,589.169799804688,True,6.64046859741211,207.407135009766,52.6101913452148,True,0.512029886245728,0.314355283975601,True,-5.91522359848022,216.463775634766,55.9065399169922,True,0.489284038543701,0.283315449953079,True,3.47520446777344,True,3.56416320800781
126,384.213558133333,True,-50.1839981079102,-32.4115257263184,586.334655761719,True,9.57148551940918,-33.6138114929199,589.165466308594,True,7.69577026367188,209.062026977539,53.2125549316406,True,0.513941645622253,0.308683425188065,True,-7.12470436096191,215.512451171875,55.5602722167969,True,0.487092912197113,0.286575853824615,True,3.46913146972656,True,3.56198120117188
127,384.2152248,True,-50.1837387084961,-32.4071350097656,586.308227539063,True,9.57092094421387,-33.611930847168,589.146728515625,True,7.31632518768311,209.380874633789,53.3285980224609,True,0.513254225254059,0.30759060382843,True,-5.75108623504639,213.611038208008,54.8682861328125,True,0.489581346511841,0.293092489242554,True,3.47097778320313,True,3.56974792480469
128,384.216891466667,True,-50.1876945495605,-32.4129295349121,586.318603515625,True,9.56563949584961,-33.6018447875977,589.114013671875,True,8.03867530822754,208.758819580078,53.1021919250488,True,0.514562845230103,0.309722602367401,True,-7.33726835250854,216.184143066406,55.804801940918,True,0.486707866191864,0.284273684024811,True,3.47003173828125,True,3.56098937988281
129,384.218558133333,True,-50.1900444030762,-32.4152755737305,586.327392578125,True,9.56526565551758,-33.6028823852539,589.118713378906,True,8.98267936706543,206.919052124023,52.4325637817383,True,0.516272962093353,0.316028028726578,True,-4.78662347793579,215.466827392578,55.5437202453613,True,0.491328567266464,0.286732196807861,True,3.47709655761719,True,3.56864929199219
130,384.2202248,True,-50.1933364868164,-32.4097290039063,586.35302734375,True,9.56592559814453,-33.6069221496582,589.116455078125,True,7.89879703521729,208.770263671875,53.1063385009766,True,0.514309406280518,0.309683352708817,True,-6.10649442672729,213.743133544922,54.9163055419922,True,0.488937556743622,0.292639881372452,True,3.46806335449219,True,3.57009887695313
131,384.221891466667,True,-50.1939926147461,-32.4055023193359,586.320861816406,True,9.56371688842773,-33.6048812866211,589.102783203125,True,6.51400804519653,207.890686035156,52.7862091064453,True,0.511800765991211,0.312698006629944,True,-5.62436771392822,214.716262817383,55.2705154418945,True,0.489810913801193,0.289304673671722,True,3.46977233886719,True,3.5740966796875
132,384.223558133333,True,-50.1950836181641,-32.4117202758789,586.337646484375,True,9.56124877929688,-33.5998115539551,589.095947265625,True,6.56099319458008,207.212341308594,52.5393524169922,True,0.51188588142395,0.315022826194763,True,-7.72992897033691,215.96110534668,55.7236175537109,True,0.485996544361115,0.2850381731987,True,3.47044372558594,True,3.56935119628906
133,384.2252248,True,-50.198371887207,-32.4129791259766,586.361389160156,True,9.56116676330566,-33.6059341430664,589.097290039063,True,7.59009075164795,207.2255859375,52.5441436767578,True,0.513750195503235,0.314977467060089,True,-5.1782283782959,214.013122558594,55.0145606994629,True,0.49061918258667,0.291714489459991,True,3.484130859375,True,3.57757568359375
134,384.226891466667,True,-50.1981620788574,-32.40576171875,586.350830078125,True,9.56078624725342,-33.6056251525879,589.086120605469,True,7.1182746887207,210.698364257813,53.808162689209,True,0.512895464897156,0.303075164556503,True,-6.52721309661865,214.305480957031,55.1210098266602,True,0.488175362348557,0.290712505578995,True,3.4521484375,True,3.56466674804688
135,384.228558133333,True,-50.203483581543,-32.4095611572266,586.375732421875,True,9.55661201477051,-33.5998802185059,589.054809570313,True,9.05496883392334,209.209671020508,53.2662734985352,True,0.516403913497925,0.308177441358566,True,-5.84862899780273,215.902099609375,55.7021560668945,True,0.489404618740082,0.285240352153778,True,3.4666748046875,True,3.5634765625
136,384.2302248,True,-50.2041625976563,-32.4058532714844,586.34619140625,True,9.55626773834229,-33.6001358032227,589.046630859375,True,7.11226749420166,209.033355712891,53.2020950317383,True,0.512884557247162,0.308781713247299,True,-6.09019422531128,215.796508789063,55.6636581420898,True,0.488967061042786,0.285602390766144,True,3.46658325195313,True,3.57350158691406
137,384.231891466667,True,-50.2022552490234,-32.4081115722656,586.269836425781,True,9.55698204040527,-33.6054229736328,589.04052734375,True,8.9676399230957,207.081100463867,52.4915390014648,True,0.516245722770691,0.315472602844238,True,-6.95103168487549,212.553009033203,54.4831733703613,True,0.487407565116882,0.296718716621399,True,3.468017578125,True,3.57864379882813
138,384.233558133333,True,-50.2057228088379,-32.4123344421387,586.351684570313,True,9.55449867248535,-33.6021842956543,589.039916992188,True,8.383056640625,206.895462036133,52.4240264892578,True,0.515186667442322,0.316108822822571,True,-6.21051502227783,214.115447998047,55.0518264770508,True,0.488749086856842,0.291363775730133,True,3.47090148925781,True,3.58613586425781
139,384.2352248,True,-50.207332611084,-32.4120483398438,586.349609375,True,9.55171012878418,-33.5969467163086,589.0419921875,True,6.46846771240234,208.710845947266,53.0847244262695,True,0.511718273162842,0.309886991977692,True,-6.56149864196777,213.989288330078,55.0059394836426,True,0.488113254308701,0.291796207427979,True,3.47543334960938,True,3.56448364257813
140,384.236891466667,True,-50.2099876403809,-32.4054870605469,586.293029785156,True,9.55439758300781,-33.6029510498047,589.022277832031,True,7.99679565429688,209.694702148438,53.4428482055664,True,0.514487028121948,0.306514978408813,True,-7.67215728759766,213.570648193359,54.8535804748535,True,0.486101150512695,0.293230921030045,True,3.45562744140625,True,3.56527709960938
141,384.238558133333,True,-50.2102584838867,-32.4050788879395,586.312133789063,True,9.55021286010742,-33.5998077392578,589.018676757813,True,8.49295806884766,208.793395996094,53.1147842407227,True,0.515385866165161,0.30960413813591,True,-5.88729858398438,213.54638671875,54.8447303771973,True,0.489334613084793,0.293314158916473,True,3.47265625,True,3.57711791992188
142,384.2402248,True,-50.2118988037109,-32.4070358276367,586.310302734375,True,9.54899787902832,-33.598876953125,589.001037597656,True,6.96753597259521,208.798461914063,53.1165885925293,True,0.512622356414795,0.309586703777313,True,-6.49986791610718,214.293609619141,55.1166648864746,True,0.488224893808365,0.290753185749054,True,3.47036743164063,True,3.56303405761719
143,384.241891466667,True,-50.2163009643555,-32.4101486206055,586.346496582031,True,9.54675102233887,-33.5990524291992,588.97119140625,True,8.2513484954834,208.707702636719,53.0835762023926,True,0.514948129653931,0.309897780418396,True,-5.84935522079468,213.195770263672,54.7171173095703,True,0.489403337240219,0.294515818357468,True,3.47566223144531,True,3.58479309082031
144,384.243558133333,True,-50.218620300293,-32.4011726379395,586.341552734375,True,9.54480457305908,-33.5978775024414,588.99072265625,True,6.6028413772583,208.036529541016,52.8393096923828,True,0.511961698532104,0.312198102474213,True,-4.99584674835205,213.786682128906,54.9322128295898,True,0.49094957113266,0.292490541934967,True,3.46328735351563,True,3.58744812011719
145,384.2452248,True,-50.2173080444336,-32.4130172729492,586.346313476563,True,9.54421424865723,-33.599853515625,588.971069335938,True,7.44285774230957,207.589691162109,52.6766891479492,True,0.51348340511322,0.313729524612427,True,-6.65771579742432,213.558853149414,54.8492813110352,True,0.487938940525055,0.293271392583847,True,3.48098754882813,True,3.5625
146,384.246891466667,True,-50.2208824157715,-32.4114685058594,586.356201171875,True,9.54263877868652,-33.5988464355469,588.950744628906,True,8.3225154876709,206.841369628906,52.4043350219727,True,0.51507705450058,0.316294223070145,True,-7.2262167930603,212.367340087891,54.4155883789063,True,0.486909031867981,0.297355115413666,True,3.48222351074219,True,3.57546997070313
147,384.248558133333,True,-50.2246284484863,-32.406551361084,586.362548828125,True,9.54079437255859,-33.5960998535156,588.970825195313,True,8.33463668823242,210.267135620117,53.6511535644531,True,0.515098989009857,0.304553151130676,True,-5.4478063583374,214.487564086914,55.1872711181641,True,0.49013078212738,0.290088444948196,True,3.46949768066406,True,3.57975769042969
148,384.2502248,True,-50.2260131835938,-32.4077529907227,586.359985351563,True,9.53948879241943,-33.5998611450195,588.945922851563,True,6.55304145812988,209.311721801758,53.3034515380859,True,0.511871457099915,0.307827591896057,True,-7.97048139572144,212.527099609375,54.4737091064453,True,0.485560715198517,0.296807557344437,True,3.46759033203125,True,3.5709228515625
149,384.251891466667,True,-50.2269668579102,-32.4044380187988,586.349731445313,True,9.53362560272217,-33.601749420166,588.943237304688,True,8.49090576171875,208.186859130859,52.8940048217773,True,0.51538211107254,0.311682909727097,True,-5.40053081512451,212.562255859375,54.4864883422852,True,0.490216434001923,0.296687126159668,True,3.49050903320313,True,3.58702087402344
150,384.253558133333,True,-50.2271423339844,-32.4036636352539,586.339721679688,True,9.53816986083984,-33.5939788818359,588.9404296875,True,6.81466674804688,210.111938476563,53.5947036743164,True,0.512345433235168,0.305084973573685,True,-7.27112483978271,212.562026977539,54.4864654541016,True,0.486827671527863,0.296687811613083,True,3.4622802734375,True,3.58816528320313
151,384.2552248,True,-50.2250289916992,-32.3965339660645,586.318481445313,True,9.53289413452148,-33.6017074584961,588.9375,True,6.10603046417236,211.565277099609,54.123664855957,True,0.511061668395996,0.300103962421417,True,-5.48574542999268,211.945251464844,54.2619400024414,True,0.490062057971954,0.298801749944687,True,3.46243286132813,True,3.59010314941406
152,384.256891466667,True,-50.2296409606934,-32.4018859863281,586.353759765625,True,9.53177452087402,-33.598503112793,588.92822265625,True,7.47302150726318,210.163619995117,53.6135330200195,True,0.513538122177124,0.304907858371735,True,-8.10273456573486,212.695373535156,54.5349655151367,True,0.48532110452652,0.296230763196945,True,3.47340393066406,True,3.58543395996094
153,384.258558133333,True,-50.2290649414063,-32.410717010498,586.333312988281,True,9.52936935424805,-33.5946846008301,588.930541992188,True,7.73966693878174,207.753753662109,52.7363815307617,True,0.514021158218384,0.313167214393616,True,-6.50625801086426,214.727569580078,55.2746429443359,True,0.488213300704956,0.289265811443329,True,3.47206115722656,True,3.57279968261719
154,384.2602248,True,-50.2324905395508,-32.4064483642578,586.343994140625,True,9.5264892578125,-33.5937728881836,588.899353027344,True,8.05854320526123,208.629119873047,53.0549926757813,True,0.514598846435547,0.310167074203491,True,-6.45839262008667,215.012268066406,55.3782653808594,True,0.488300025463104,0.288290143013,True,3.47785949707031,True,3.57940673828125
155,384.261891466667,True,-50.2314605712891,-32.4065780639648,586.305053710938,True,9.5311107635498,-33.595775604248,588.904418945313,True,7.26971054077148,208.9375,53.1672286987305,True,0.513169765472412,0.309110164642334,True,-6.31505060195923,213.347717285156,54.7724189758301,True,0.488559722900391,0.29399499297142,True,3.46832275390625,True,3.58016967773438
156,384.263558133333,True,-50.230583190918,-32.4047241210938,586.26953125,True,9.52636337280273,-33.5916938781738,588.91943359375,True,8.55220985412598,209.079864501953,53.2190704345703,True,0.515493154525757,0.308622241020203,True,-4.89372682571411,214.463104248047,55.178409576416,True,0.491134613752365,0.290172278881073,True,3.47264099121094,True,3.6025390625
157,384.2652248,True,-50.2303924560547,-32.4044570922852,586.279418945313,True,9.52411842346191,-33.5889167785645,588.916259765625,True,6.52948093414307,209.004379272461,53.1915969848633,True,0.511828780174255,0.308880925178528,True,-5.42673063278198,215.120635986328,55.4176979064941,True,0.490168958902359,0.287918746471405,True,3.46885681152344,True,3.58473205566406
158,384.266891466667,True,-50.2323112487793,-32.4072799682617,586.265014648438,True,9.52433776855469,-33.5882301330566,588.923217773438,True,9.56756401062012,207.263824462891,52.5580062866211,True,0.517332553863525,0.31484642624855,True,-6.88880634307861,216.337280273438,55.8605041503906,True,0.487520337104797,0.283748984336853,True,3.49659729003906,True,3.56277465820313
159,384.268558133333,True,-50.2328643798828,-32.3996772766113,586.2509765625,True,9.52402019500732,-33.5865783691406,588.9384765625,True,8.64712524414063,209.250442504883,53.2811393737793,True,0.515665113925934,0.308037638664246,True,-7.48949718475342,214.509613037109,55.1952857971191,True,0.486432075500488,0.290012866258621,True,3.47906494140625,True,3.56495666503906
160,384.2702248,True,-50.2319183349609,-32.400821685791,586.263061523438,True,9.52293395996094,-33.5923042297363,588.920043945313,True,9.07239532470703,209.048767089844,53.2076950073242,True,0.516435503959656,0.308728873729706,True,-5.75344371795654,213.255523681641,54.7388458251953,True,0.489577114582062,0.294311076402664,True,3.47184753417969,True,3.58282470703125
161,384.271891466667,True,-50.2347793579102,-32.4036102294922,586.259887695313,True,9.52561283111572,-33.5873794555664,588.882873535156,True,9.52092933654785,207.997680664063,52.8251571655273,True,0.517248034477234,0.312331259250641,True,-5.89685916900635,213.844680786133,54.9533004760742,True,0.489317297935486,0.292291790246964,True,3.48313903808594,True,3.59786987304688
162,384.273558133333,True,-50.23486328125,-32.4010620117188,586.252319335938,True,9.52094173431396,-33.5931243896484,588.913330078125,True,7.56995677947998,209.142761230469,53.2419128417969,True,0.513713717460632,0.308406710624695,True,-3.86569786071777,213.80419921875,54.938591003418,True,0.492996960878372,0.292430520057678,True,3.45858764648438,True,3.58067321777344
163,384.2752248,True,-50.2318572998047,-32.4033012390137,586.233764648438,True,9.52510356903076,-33.5904426574707,588.874633789063,True,8.72127819061279,207.811798095703,52.7575302124023,True,0.515799403190613,0.312968313694,True,-6.26219987869263,213.522369384766,54.835994720459,True,0.4886554479599,0.293396472930908,True,3.48300170898438,True,3.58395385742188
164,384.276891466667,True,-50.2353057861328,-32.4002456665039,586.234985351563,True,9.51861763000488,-33.5914535522461,588.9326171875,True,9.10316371917725,208.830383300781,53.1282272338867,True,0.516491234302521,0.30947732925415,True,-4.91167736053467,214.222900390625,55.0909194946289,True,0.491102069616318,0.290995538234711,True,3.47175598144531,True,3.59286499023438
165,384.278558133333,True,-50.2331352233887,-32.3938293457031,586.215637207031,True,9.51694107055664,-33.587532043457,588.890014648438,True,6.75671720504761,211.021743774414,53.9258117675781,True,0.512240409851074,0.30196687579155,True,-4.84905195236206,214.454559326172,55.1752624511719,True,0.491215497255325,0.290201604366302,True,3.46487426757813,True,3.58773803710938
166,384.2802248,True,-50.2341156005859,-32.3986053466797,586.213073730469,True,9.52035140991211,-33.5824813842773,588.860778808594,True,8.11495590209961,207.258544921875,52.5561141967773,True,0.514701008796692,0.314864456653595,True,-7.97559976577759,215.127700805664,55.4202995300293,True,0.485551476478577,0.287894427776337,True,3.48844909667969,True,3.57232666015625
167,384.281891466667,True,-50.2323532104492,-32.401424407959,586.206970214844,True,9.52133369445801,-33.5830993652344,588.850952148438,True,7.80825281143188,207.364730834961,52.5947456359863,True,0.514145374298096,0.314500570297241,True,-6.1428108215332,213.962585449219,54.9961853027344,True,0.488871693611145,0.291887760162354,True,3.48187255859375,True,3.58734130859375
168,384.283558133333,True,-50.2339477539063,-32.3956718444824,586.194213867188,True,9.52084922790527,-33.5861053466797,588.863952636719,True,10.1129970550537,209.465042114258,53.3592529296875,True,0.518320679664612,0.307302117347717,True,-5.82863616943359,212.679473876953,54.5291748046875,True,0.489440888166428,0.296285331249237,True,3.4766845703125,True,3.58311462402344
169,384.2852248,True,-50.2339706420898,-32.4005851745605,586.191040039063,True,9.52058410644531,-33.584056854248,588.8515625,True,7.6179723739624,207.393295288086,52.605167388916,True,0.513800621032715,0.314402669668198,True,-5.62160968780518,212.735687255859,54.5496597290039,True,0.489815980195999,0.296092629432678,True,3.48701477050781,True,3.60238647460938
170,384.286891466667,True,-50.2326965332031,-32.3999824523926,586.176879882813,True,9.52217292785645,-33.5869598388672,588.858032226563,True,11.7468433380127,206.82551574707,52.3985061645508,True,0.521280527114868,0.316348552703857,True,-6.49832963943481,212.284606933594,54.3854904174805,True,0.488227665424347,0.297638595104218,True,3.50010681152344,True,3.58212280273438
171,384.288558133333,True,-50.2328033447266,-32.388355255127,586.160217285156,True,9.51924324035645,-33.5776443481445,588.859069824219,True,7.81331157684326,209.639068603516,53.4226379394531,True,0.514154553413391,0.306705594062805,True,-6.69670343399048,214.625564575195,55.2374954223633,True,0.487868309020996,0.289615511894226,True,3.46775817871094,True,3.58003234863281
172,384.2902248,True,-50.2331619262695,-32.3993339538574,586.180603027344,True,9.52254295349121,-33.5845565795898,588.859008789063,True,10.1303768157959,207.282562255859,52.5648956298828,True,0.518352091312408,0.314782202243805,True,-7.06838893890381,211.900299072266,54.2455940246582,True,0.487194955348969,0.298955738544464,True,3.48674011230469,True,3.58396911621094
173,384.291891466667,True,-50.2363052368164,-32.3905029296875,586.194702148438,True,9.52076816558838,-33.5813598632813,588.853332519531,True,7.84095001220703,209.354553222656,53.3190040588379,True,0.514204621315002,0.307680785655975,True,-7.03932762145996,212.906677246094,54.611873626709,True,0.487247616052628,0.295506656169891,True,3.48103332519531,True,3.5794677734375
174,384.293558133333,True,-50.2317199707031,-32.3956832885742,586.173828125,True,9.51949310302734,-33.5800323486328,588.870849609375,True,7.58244323730469,209.22282409668,53.2710952758789,True,0.513736367225647,0.308132261037827,True,-5.88307762145996,213.079376220703,54.6747512817383,True,0.489342272281647,0.294914782047272,True,3.47514343261719,True,3.58578491210938
175,384.2952248,True,-50.2283248901367,-32.3906593322754,586.121032714844,True,9.51953125,-33.5809478759766,588.845703125,True,8.18594837188721,209.941864013672,53.5327606201172,True,0.514829635620117,0.30566793680191,True,-7.08445739746094,211.587844848633,54.1318740844727,True,0.487165868282318,0.300026655197144,True,3.47488403320313,True,3.59841918945313
176,384.296891466667,True,-50.2316818237305,-32.3901443481445,586.168518066406,True,9.52045154571533,-33.5739059448242,588.841247558594,True,7.56916236877441,209.831298828125,53.4925193786621,True,0.513712286949158,0.306046903133392,True,-7.01423263549805,214.285217285156,55.1136627197266,True,0.487293064594269,0.290781915187836,True,3.47004699707031,True,3.57511901855469
177,384.298558133333,True,-50.2309722900391,-32.3931617736816,586.142456054688,True,9.51861953735352,-33.5760879516602,588.831237792969,True,10.1954097747803,206.184600830078,52.1652755737305,True,0.518469929695129,0.318545162677765,True,-7.24799728393555,212.620162963867,54.5076217651367,True,0.48686957359314,0.296488583087921,True,3.49043273925781,True,3.58438110351563
178,384.3002248,True,-50.2337341308594,-32.3843307495117,586.181762695313,True,9.52011871337891,-33.5750579833984,588.849243164063,True,7.79548072814941,210.062225341797,53.5766067504883,True,0.514122247695923,0.30525541305542,True,-5.40766620635986,212.46728515625,54.4519653320313,True,0.490203499794006,0.297012507915497,True,3.47334289550781,True,3.59051513671875
179,384.301891466667,True,-50.2316741943359,-32.3889122009277,586.160034179688,True,9.52252578735352,-33.5737075805664,588.839599609375,True,6.29750633239746,207.880798339844,52.7826843261719,True,0.511408567428589,0.312731802463531,True,-6.02753877639771,213.562973022461,54.8507690429688,True,0.489080548286438,0.293257236480713,True,3.47637939453125,True,3.59054565429688
180,384.303558133333,True,-50.2278747558594,-32.3875923156738,586.167114257813,True,9.52859783172607,-33.5762252807617,588.826782226563,True,8.57445526123047,210.4013671875,53.7000503540039,True,0.515533447265625,0.304093062877655,True,-7.70997285842896,212.732879638672,54.5486450195313,True,0.486032664775848,0.296102285385132,True,3.470703125,True,3.59135437011719
181,384.3052248,True,-50.2168502807617,-32.3928146362305,586.136352539063,True,9.5362491607666,-33.576488494873,588.846435546875,True,8.74113941192627,209.584533691406,53.4027404785156,True,0.515835404396057,0.306892573833466,True,-5.83903312683105,213.251220703125,54.7373046875,True,0.489422053098679,0.294325739145279,True,3.47506713867188,True,3.58650207519531
182,384.306891466667,True,-50.1928405761719,-32.3915176391602,586.05712890625,True,9.55421829223633,-33.5859451293945,588.875366210938,True,9.1492166519165,208.914154052734,53.1587371826172,True,0.516574621200562,0.309190273284912,True,-6.07846164703369,209.663330078125,53.4314155578613,True,0.488988310098648,0.306622505187988,True,3.47640991210938,True,3.593994140625
183,384.308558133333,True,-50.1708068847656,-32.3949775695801,586.074951171875,True,9.58082485198975,-33.5902709960938,588.90869140625,True,6.9539270401001,208.99658203125,53.1887741088867,True,0.512597739696503,0.308907687664032,True,-5.21156883239746,210.139587402344,53.604736328125,True,0.490558743476868,0.304990291595459,True,3.466552734375,True,3.60383605957031
184,384.3102248,True,-50.1465759277344,-32.4028091430664,586.077575683594,True,9.61365604400635,-33.5999374389648,588.873413085938,True,9.88113594055176,208.578186035156,53.0364685058594,True,0.51790064573288,0.310341596603394,True,-3.93852758407593,212.731109619141,54.5479927062988,True,0.492864966392517,0.296108305454254,True,3.48481750488281,True,3.59892272949219
185,384.311891466667,True,-50.1085586547852,-32.4280319213867,586.064697265625,True,9.64462089538574,-33.6149215698242,588.761474609375,True,11.8102378845215,204.43359375,51.5279159545898,True,0.521395325660706,0.324546456336975,True,-2.69718503952026,211.407760620117,54.0663375854492,True,0.49511381983757,0.300643861293793,True,3.50807189941406,True,3.61196899414063
186,384.313558133333,True,-50.0606536865234,-32.4414100646973,586.072082519531,True,9.68218898773193,-33.6380004882813,588.815551757813,True,12.6234569549561,204.576721191406,51.5800094604492,True,0.522868573665619,0.324055910110474,True,2.67151117324829,209.938598632813,53.5316200256348,True,0.504839718341827,0.305679082870483,True,3.50004577636719,True,3.62921142578125
187,384.3152248,True,-50.0263137817383,-32.4403190612793,586.181640625,True,9.72452640533447,-33.6472587585449,588.800048828125,True,17.8889064788818,205.172302246094,51.7968292236328,True,0.532407462596893,0.322014629840851,True,3.47563695907593,210.192733764648,53.6240768432617,True,0.506296455860138,0.304808139801025,True,3.49813842773438,True,3.61616516113281
188,384.316891466667,True,-49.9491958618164,-32.4525527954102,585.962158203125,True,9.77459907531738,-33.6640129089355,588.728515625,True,19.1271286010742,202.721008300781,50.9045791625977,True,0.53465062379837,0.330416083335876,True,10.9255256652832,207.073577880859,52.4888381958008,True,0.51979261636734,0.315498411655426,True,3.51614379882813,True,3.65020751953125
189,384.318558133333,True,-49.8981475830078,-32.465950012207,585.998168945313,True,9.8261890411377,-33.676513671875,588.881530761719,True,22.7362785339355,197.584899902344,49.0352439880371,True,0.541188955307007,0.348018944263458,True,17.1258869171143,208.797821044922,53.1163902282715,True,0.531025171279907,0.309588849544525,True,3.52987670898438,True,3.68013000488281
190,384.3202248,True,-49.872631072998,-32.4958801269531,586.313232421875,True,9.89120864868164,-33.6938781738281,588.944946289063,True,30.1643753051758,198.72900390625,49.4516563415527,True,0.554645538330078,0.344097793102264,True,22.9288120269775,208.535293579102,53.0208129882813,True,0.541537761688232,0.310488700866699,True,3.55209350585938,True,3.68940734863281
191,384.321891466667,True,-49.802059173584,-32.5185890197754,586.183288574219,True,9.95282459259033,-33.7031555175781,588.902221679688,True,36.1639747619629,197.363983154297,48.9547805786133,True,0.565514445304871,0.34877622127533,True,9.62143898010254,211.876922607422,54.2370681762695,True,0.517430126667023,0.299035906791687,True,3.56695556640625,True,3.55184936523438
192,384.323558133333,True,-49.7485656738281,-32.530345916748,586.218444824219,True,10.0055274963379,-33.7430191040039,588.901672363281,True,43.1504440307617,197.134979248047,48.8714714050293,True,0.578171133995056,0.349561035633087,True,31.9417934417725,204.644561767578,51.6047286987305,True,0.557865560054779,0.323823362588882,True,3.5723876953125,True,3.70306396484375
193,384.3252248,True,-49.689208984375,-32.5419235229492,586.367126464844,True,10.089427947998,-33.7706069946289,589.028381347656,True,49.1404724121094,195.885498046875,48.4166870117188,True,0.589022636413574,0.35384339094162,True,36.821174621582,202.450500488281,50.8061752319336,True,0.566705048084259,0.331343054771423,True,3.58206176757813,True,3.69218444824219
194,384.326891466667,True,-49.6216888427734,-32.5527954101563,586.394836425781,True,10.1445531845093,-33.7841835021973,589.065734863281,True,53.8056488037109,191.82209777832,46.9377822875977,True,0.597473978996277,0.367769777774811,True,44.8989562988281,203.433715820313,51.1640205383301,True,0.581338703632355,0.327973306179047,True,3.60464477539063,True,3.68177795410156
195,384.328558133333,True,-49.5460739135742,-32.559211730957,586.306396484375,True,10.2094554901123,-33.805793762207,589.196105957031,True,60.9315872192383,192.416427612305,47.1540756225586,True,0.610383331775665,0.365732848644257,True,49.390064239502,199.155029296875,49.6067199707031,True,0.58947479724884,0.342637658119202,True,3.59825134277344,True,3.6962890625
196,384.3302248,True,-49.4788055419922,-32.5634498596191,586.313110351563,True,10.2472305297852,-33.8144149780273,589.119201660156,True,66.2832794189453,191.672546386719,46.88330078125,True,0.620078444480896,0.368282377719879,True,57.9063949584961,200.558624267578,50.117546081543,True,0.604902923107147,0.337827146053314,True,3.60464477539063,True,3.67250061035156
197,384.331891466667,True,-49.3847045898438,-32.5834617614746,586.0849609375,True,10.2925853729248,-33.8341827392578,588.980285644531,True,72.2338256835938,192.035278320313,47.015308380127,True,0.630858361721039,0.367039263248444,True,66.4247055053711,199.214599609375,49.6283798217773,True,0.620334625244141,0.342433512210846,True,3.59339904785156,True,3.65887451171875
198,384.333558133333,True,-49.3203506469727,-32.5936508178711,586.058715820313,True,10.3541479110718,-33.8568534851074,589.09423828125,True,79.1576080322266,189.798110961914,46.201042175293,True,0.643401503562927,0.374706745147705,True,71.5411376953125,198.403961181641,49.3333358764648,True,0.629603505134583,0.345211803913116,True,3.60256958007813,True,3.66276550292969
199,384.3352248,True,-49.2761993408203,-32.6082916259766,586.224487304688,True,10.3782339096069,-33.8705444335938,588.931823730469,True,87.5831298828125,192.175354003906,47.0662994384766,True,0.658665120601654,0.366559147834778,True,80.3157958984375,203.47412109375,51.1787033081055,True,0.645499587059021,0.327834844589233,True,3.58836364746094,True,3.64634704589844
200,384.336891466667,True,-49.2253341674805,-32.6251640319824,586.18408203125,True,10.4224710464478,-33.8869209289551,588.904052734375,True,97.58203125,191.176956176758,46.7029342651367,True,0.67677903175354,0.369980961084366,True,90.0709533691406,205.793060302734,52.0227279663086,True,0.663172125816345,0.319887220859528,True,3.57698059082031,True,3.65242004394531
201,384.338558133333,True,-49.16064453125,-32.6294136047363,586.005126953125,True,10.4492282867432,-33.8994216918945,588.930053710938,True,105.869552612305,194.076141357422,47.7581481933594,True,0.691792726516724,0.360044538974762,True,96.7425537109375,203.47087097168,51.1775321960449,True,0.675258278846741,0.327846050262451,True,3.55970764160156,True,3.65885925292969
202,384.3402248,True,-49.1045036315918,-32.6370429992676,586.00244140625,True,10.4835433959961,-33.9048919677734,588.83203125,True,108.988708496094,192.766632080078,47.2815246582031,True,0.69744336605072,0.364532649517059,True,99.2769622802734,199.924179077148,49.8866271972656,True,0.6798495054245,0.340001553297043,True,3.55293273925781,True,3.62727355957031
203,384.341891466667,True,-49.0641746520996,-32.6455459594727,586.010925292969,True,10.5215396881104,-33.9306411743164,588.789306640625,True,114.019027709961,193.103607177734,47.4041709899902,True,0.70655620098114,0.363377749919891,True,107.491851806641,206.042144775391,52.1133880615234,True,0.694731593132019,0.319033533334732,True,3.54949951171875,True,3.64627075195313
204,384.343558133333,True,-49.0440444946289,-32.6567535400391,586.08203125,True,10.5268726348877,-33.9377670288086,588.6630859375,True,119.343307495117,190.608673095703,46.4961090087891,True,0.716201663017273,0.371928572654724,True,109.543914794922,206.12043762207,52.1418762207031,True,0.69844913482666,0.318765133619308,True,3.54446411132813,True,3.61016845703125
205,384.3452248,True,-49.0354347229004,-32.658748626709,586.0546875,True,10.5400772094727,-33.9544792175293,588.617919921875,True,127.635528564453,195.449645996094,48.2580261230469,True,0.731223821640015,0.355337113142014,True,119.553359985352,203.666625976563,51.2487564086914,True,0.716582179069519,0.327175080776215,True,3.53240966796875,True,3.66494750976563
206,384.346891466667,True,-49.0064277648926,-32.666748046875,586.017944335938,True,10.5555849075317,-33.9584007263184,588.67041015625,True,125.330596923828,191.910430908203,46.9699020385742,True,0.72704815864563,0.367467045783997,True,123.25643157959,202.410980224609,50.7917938232422,True,0.723290681838989,0.331478536128998,True,3.55404663085938,True,3.66119384765625
207,384.348558133333,True,-49.0065994262695,-32.6748542785645,586.071960449219,True,10.5665817260742,-33.9676399230957,588.694702148438,True,124.941696166992,187.908660888672,45.5133438110352,True,0.726343631744385,0.38118240237236,True,123.544876098633,199.584671020508,49.7630462646484,True,0.72381317615509,0.341165244579315,True,3.56854248046875,True,3.65007019042969
208,384.3502248,True,-49.0023384094238,-32.6753234863281,586.071899414063,True,10.5769138336182,-33.972282409668,588.712646484375,True,128.588684082031,186.353881835938,44.9474945068359,True,0.732950568199158,0.386511087417603,True,125.922462463379,197.675262451172,49.0680923461914,True,0.728120446205139,0.347709357738495,True,3.58219909667969,True,3.671142578125
209,384.351891466667,True,-48.9990386962891,-32.6735687255859,586.074340820313,True,10.5846338272095,-33.9811668395996,588.735534667969,True,126.441482543945,189.610626220703,46.1327972412109,True,0.729060649871826,0.375349313020706,True,128.69416809082,197.722763061523,49.0854072570801,True,0.733141601085663,0.347546488046646,True,3.56776428222656,True,3.68409729003906
210,384.353558133333,True,-49.0016021728516,-32.6788520812988,586.073974609375,True,10.5882949829102,-33.9818115234375,588.751159667969,True,126.658386230469,188.434967041016,45.7049331665039,True,0.729453563690186,0.379378527402878,True,129.385833740234,197.415710449219,48.9736480712891,True,0.734394669532776,0.348598808050156,True,3.57632446289063,True,3.69462585449219
211,384.3552248,True,-49.0042572021484,-32.6780166625977,586.071228027344,True,10.592978477478,-33.9816780090332,588.717895507813,True,126.787528991699,187.760726928711,45.459529876709,True,0.729687571525574,0.381689429283142,True,130.163558959961,195.175933837891,48.1584014892578,True,0.735803604125977,0.356275320053101,True,3.57978820800781,True,3.68408203125
212,384.356891466667,True,-49.0038299560547,-32.674919128418,586.059631347656,True,10.5972814559937,-33.9879531860352,588.776489257813,True,127.456031799316,191.72900390625,46.9038619995117,True,0.73089861869812,0.368088901042938,True,130.428741455078,194.787994384766,48.0172271728516,True,0.736284017562866,0.35760486125946,True,3.55712890625,True,3.69694519042969
213,384.358558133333,True,-49.0046691894531,-32.6798400878906,586.053955078125,True,10.6022882461548,-33.9908905029297,588.767456054688,True,127.350914001465,189.695190429688,46.1636047363281,True,0.730708181858063,0.375059396028519,True,130.9892578125,193.726776123047,47.6309471130371,True,0.737299382686615,0.3612419962883,True,3.58033752441406,True,3.70726013183594
214,384.3602248,True,-49.0062484741211,-32.6798248291016,586.049987792969,True,10.60133934021,-33.9887542724609,588.764404296875,True,126.764144897461,190.626220703125,46.5025024414063,True,0.729645252227783,0.371868520975113,True,128.954879760742,192.288818359375,47.1075897216797,True,0.733613908290863,0.366170257329941,True,3.56564331054688,True,3.70408630371094
215,384.361891466667,True,-49.0059776306152,-32.6833839416504,586.032775878906,True,10.6057844161987,-33.9782066345215,588.778137207031,True,127.851058959961,189.415176391602,46.0617370605469,True,0.731614232063293,0.376019090414047,True,129.547164916992,195.076232910156,48.1221313476563,True,0.73468691110611,0.356616914272308,True,3.56871032714844,True,3.69276428222656
216,384.363558133333,True,-49.0055351257324,-32.6803703308105,586.038818359375,True,10.6085453033447,-33.9819717407227,588.764404296875,True,127.960136413574,191.756317138672,46.9137878417969,True,0.731811881065369,0.367995291948318,True,129.770477294922,194.577499389648,47.9405975341797,True,0.735091388225555,0.358326315879822,True,3.55928039550781,True,3.69390869140625
217,384.3652248,True,-49.0084991455078,-32.6842498779297,586.038330078125,True,10.6125898361206,-33.9795761108398,588.764526367188,True,127.283103942871,189.483367919922,46.0865135192871,True,0.730585336685181,0.375785410404205,True,130.203231811523,197.126953125,48.8685417175293,True,0.735875427722931,0.349588453769684,True,3.5609130859375,True,3.68637084960938
218,384.366891466667,True,-49.0074348449707,-32.6813545227051,586.03515625,True,10.6132745742798,-33.9826164245605,588.782043457031,True,129.686904907227,191.5185546875,46.8272399902344,True,0.734940052032471,0.36881023645401,True,129.557067871094,196.121368408203,48.502571105957,True,0.734704852104187,0.353034943342209,True,3.55805969238281,True,3.68952941894531
219,384.368558133333,True,-49.0056457519531,-32.6865615844727,586.056640625,True,10.6135473251343,-33.9805603027344,588.754516601563,True,127.237663269043,190.819213867188,46.5727005004883,True,0.730503022670746,0.371206969022751,True,128.076461791992,194.442718505859,47.8915824890137,True,0.73202258348465,0.358788162469864,True,3.55657958984375,True,3.6907958984375
220,384.3702248,True,-49.0068054199219,-32.6845016479492,586.073974609375,True,10.6185541152954,-33.9786224365234,588.77294921875,True,127.320297241211,190.227111816406,46.3571701049805,True,0.730652749538422,0.373236328363419,True,127.92805480957,199.739776611328,49.8195343017578,True,0.731753706932068,0.340633600950241,True,3.56031799316406,True,3.6925048828125
221,384.371891466667,True,-49.0054092407227,-32.6855316162109,586.071655273438,True,10.6185693740845,-33.9760627746582,588.751586914063,True,126.566375732422,187.620941162109,45.408618927002,True,0.729286909103394,0.38216844201088,True,129.467346191406,197.520355224609,49.0117225646973,True,0.734542310237885,0.348240166902542,True,3.57318115234375,True,3.67491149902344
222,384.373558133333,True,-49.0014953613281,-32.6842956542969,586.054504394531,True,10.6200513839722,-33.9718818664551,588.753845214844,True,127.304077148438,190.597198486328,46.491943359375,True,0.730623364448547,0.371967852115631,True,127.784507751465,199.002685546875,49.5512657165527,True,0.731493711471558,0.343159765005112,True,3.56721496582031,True,3.679443359375
223,384.3752248,True,-49.0025634765625,-32.6828918457031,586.057800292969,True,10.6221828460693,-33.9734687805176,588.75341796875,True,126.420852661133,190.211166381836,46.3513870239258,True,0.729023337364197,0.373290985822678,True,126.803909301758,198.315155029297,49.3010063171387,True,0.729717254638672,0.34551614522934,True,3.55892944335938,True,3.68927001953125
224,384.376891466667,True,-49.0015411376953,-32.6809005737305,586.05517578125,True,10.6226825714111,-33.9727554321289,588.735046386719,True,127.855781555176,191.250030517578,46.7295227050781,True,0.731622755527496,0.369730532169342,True,126.74373626709,198.7060546875,49.4432754516602,True,0.729608237743378,0.344176471233368,True,3.554443359375,True,3.67631530761719
225,384.378558133333,True,-48.9982604980469,-32.6799774169922,586.035461425781,True,10.624680519104,-33.9779090881348,588.748474121094,True,125.624671936035,192.449432373047,47.166088104248,True,0.727581024169922,0.365619778633118,True,127.032806396484,199.335479736328,49.6723709106445,True,0.730131864547729,0.342019259929657,True,3.54551696777344,True,3.68899536132813
226,384.3802248,True,-48.9994087219238,-32.6833648681641,586.057250976563,True,10.6253261566162,-33.9682312011719,588.740478515625,True,126.716728210449,190.68815612793,46.525032043457,True,0.729559302330017,0.371656179428101,True,125.150398254395,199.216033935547,49.6289138793945,True,0.72672176361084,0.342428624629974,True,3.56005859375,True,3.66409301757813
227,384.381891466667,True,-49.0019760131836,-32.6849250793457,586.088012695313,True,10.6246318817139,-33.9787521362305,588.716979980469,True,126.33219909668,189.935180664063,46.2509231567383,True,0.728862643241882,0.374236911535263,True,125.94181060791,197.794525146484,49.1115493774414,True,0.728155434131622,0.34730052947998,True,3.56253051757813,True,3.66667175292969
228,384.383558133333,True,-49.0017585754395,-32.6833915710449,586.096130371094,True,10.6301021575928,-33.979133605957,588.73583984375,True,124.852798461914,191.240447998047,46.7260437011719,True,0.726182639598846,0.369763344526291,True,125.897979736328,199.724639892578,49.8140487670898,True,0.728075981140137,0.340685427188873,True,3.5526123046875,True,3.67143249511719
229,384.3852248,True,-48.9994659423828,-32.6855621337891,586.071716308594,True,10.6324701309204,-33.9750061035156,588.748718261719,True,125.172424316406,190.217346191406,46.3536987304688,True,0.72676157951355,0.373269766569138,True,127.658172607422,203.532135009766,51.1998405456543,True,0.73126482963562,0.327636063098907,True,3.55073547363281,True,3.66836547851563
230,384.386891466667,True,-48.9988250732422,-32.6814346313477,586.093078613281,True,10.632884979248,-33.9817390441895,588.762329101563,True,126.32275390625,192.535430908203,47.1973838806152,True,0.728845596313477,0.365325033664703,True,125.478775024414,200.116333007813,49.9565734863281,True,0.727316617965698,0.33934298157692,True,3.54241943359375,True,3.67045593261719
231,384.388558133333,True,-48.9994812011719,-32.6840629577637,586.074829101563,True,10.6365642547607,-33.9807929992676,588.755554199219,True,125.117706298828,189.314865112305,46.0251998901367,True,0.726662576198578,0.376362860202789,True,124.810897827148,201.879058837891,50.5981903076172,True,0.726106703281403,0.333301514387131,True,3.55636596679688,True,3.66322326660156
232,384.3902248,True,-48.9980506896973,-32.6791763305664,586.075805664063,True,10.6353178024292,-33.9745330810547,588.767272949219,True,126.959548950195,193.610626220703,47.5887145996094,True,0.729999244213104,0.36164003610611,True,124.639343261719,201.631851196289,50.5082168579102,True,0.725795865058899,0.334148824214935,True,3.54768371582031,True,3.66201782226563
233,384.391891466667,True,-48.9993515014648,-32.6817398071289,586.094970703125,True,10.6343259811401,-33.9718742370605,588.757019042969,True,122.493003845215,191.785873413086,46.9245643615723,True,0.721907615661621,0.367894023656845,True,125.34455871582,201.521942138672,50.4681625366211,True,0.727073490619659,0.334525614976883,True,3.5447998046875,True,3.65682983398438
234,384.393558133333,True,-48.9995918273926,-32.6843643188477,586.117858886719,True,10.6359872817993,-33.9834671020508,588.759460449219,True,123.647369384766,191.906707763672,46.9685211181641,True,0.72399890422821,0.367479860782623,True,123.982109069824,198.750305175781,49.4593925476074,True,0.724605321884155,0.344024837017059,True,3.54510498046875,True,3.66017150878906
235,384.3952248,True,-48.9984130859375,-32.6815567016602,586.111328125,True,10.6356372833252,-33.9721984863281,588.750366210938,True,126.739082336426,194.422897338867,47.8843116760254,True,0.729599833488464,0.35885614156723,True,122.566947937012,200.438491821289,50.0738525390625,True,0.722041606903076,0.3382388651371,True,3.54328918457031,True,3.64851379394531
236,384.396891466667,True,-49.0005874633789,-32.6863861083984,586.113525390625,True,10.6365795135498,-33.9771614074707,588.759460449219,True,125.667129516602,189.609497070313,46.1324424743652,True,0.727657794952393,0.375353068113327,True,123.499092102051,199.50895690918,49.7355194091797,True,0.723730266094208,0.341424643993378,True,3.55882263183594,True,3.66450500488281
237,384.398558133333,True,-48.9969482421875,-32.6839790344238,586.096008300781,True,10.6371555328369,-33.9795799255371,588.740905761719,True,125.823722839355,192.42529296875,47.1573104858398,True,0.727941572666168,0.365702450275421,True,124.677474975586,200.017913818359,49.920783996582,True,0.725865006446838,0.339680254459381,True,3.54977416992188,True,3.66668701171875
238,384.4002248,True,-48.9994010925293,-32.6840400695801,586.11328125,True,10.6387481689453,-33.9726486206055,588.753112792969,True,125.603607177734,192.420227050781,47.1554222106934,True,0.727542757987976,0.36571991443634,True,123.929931640625,200.192626953125,49.9843559265137,True,0.724510788917542,0.339081525802612,True,3.53669738769531,True,3.65109252929688
239,384.401891466667,True,-48.9976196289063,-32.681282043457,586.10986328125,True,10.6426734924316,-33.9744415283203,588.768432617188,True,126.101890563965,194.64128112793,47.9638671875,True,0.728445410728455,0.358107596635818,True,121.871856689453,202.221343994141,50.7227401733398,True,0.720782339572906,0.332128524780273,True,3.54183959960938,True,3.64334106445313
240,384.403558133333,True,-49.0008239746094,-32.6881637573242,586.133544921875,True,10.6412525177002,-33.973461151123,588.751953125,True,125.07795715332,189.884002685547,46.2323150634766,True,0.726590514183044,0.374412298202515,True,121.294013977051,199.113098144531,49.5914535522461,True,0.719735503196716,0.342781364917755,True,3.5533447265625,True,3.65119934082031
241,384.4052248,True,-48.9987869262695,-32.6896896362305,586.113159179688,True,10.6423234939575,-33.9792671203613,588.753295898438,True,125.762466430664,187.986663818359,45.5417404174805,True,0.727830529212952,0.380915075540543,True,123.295043945313,199.701278686523,49.8055114746094,True,0.723360657691956,0.340765565633774,True,3.55825805664063,True,3.666015625
242,384.406891466667,True,-48.999568939209,-32.6821365356445,586.132934570313,True,10.6440172195435,-33.9749412536621,588.744262695313,True,126.333824157715,193.050842285156,47.3849563598633,True,0.728865623474121,0.36355859041214,True,121.30305480957,201.001251220703,50.2787055969238,True,0.71975189447403,0.336310058832169,True,3.54917907714844,True,3.6553955078125
243,384.408558133333,True,-49.0003547668457,-32.6847801208496,586.115356445313,True,10.6433181762695,-33.9684600830078,588.730651855469,True,125.310897827148,190.273712158203,46.3741149902344,True,0.727012515068054,0.373076647520065,True,122.588439941406,202.25862121582,50.7363395690918,True,0.72208046913147,0.332000702619553,True,3.5533447265625,True,3.65776062011719
244,384.4102248,True,-48.9989166259766,-32.6834335327148,586.134399414063,True,10.6450424194336,-33.9648895263672,588.731201171875,True,125.242469787598,192.947830200195,47.3474807739258,True,0.726888537406921,0.363911628723145,True,121.932464599609,203.741607666016,51.2761077880859,True,0.720892190933228,0.326918065547943,True,3.54806518554688,True,3.65327453613281
245,384.411891466667,True,-49.0010566711426,-32.6805763244629,586.152648925781,True,10.644998550415,-33.9708099365234,588.755126953125,True,125.310234069824,192.952484130859,47.3491592407227,True,0.727011322975159,0.36389571428299,True,121.719100952148,200.710357666016,50.1727828979492,True,0.720505595207214,0.337307155132294,True,3.53643798828125,True,3.64028930664063
246,384.413558133333,True,-49.0001525878906,-32.6842155456543,586.152954101563,True,10.6470737457275,-33.970458984375,588.734619140625,True,124.959487915039,191.051803588867,46.6573257446289,True,0.726375937461853,0.370409965515137,True,121.953155517578,201.620880126953,50.5041809082031,True,0.720929622650146,0.334186494350433,True,3.54512023925781,True,3.66500854492188
247,384.4152248,True,-48.9996566772461,-32.6830825805664,586.151733398438,True,10.6477823257446,-33.9654388427734,588.772705078125,True,125.306579589844,191.600280761719,46.8569717407227,True,0.727004706859589,0.368530124425888,True,121.735763549805,202.267730712891,50.7396430969238,True,0.72053587436676,0.331969439983368,True,3.54908752441406,True,3.64639282226563
248,384.416891466667,True,-48.9991912841797,-32.6836090087891,586.150817871094,True,10.6473407745361,-33.965404510498,588.764587402344,True,125.171524047852,191.539703369141,46.8349761962891,True,0.726760029792786,0.368737697601318,True,121.350929260254,201.650665283203,50.515007019043,True,0.719838619232178,0.334084391593933,True,3.54824829101563,True,3.65432739257813
249,384.418558133333,True,-48.99755859375,-32.6801300048828,586.136413574219,True,10.6489925384521,-33.9659004211426,588.75146484375,True,125.965873718262,192.218841552734,47.0821571350098,True,0.728199124336243,0.366410076618195,True,121.684936523438,202.671936035156,50.8867721557617,True,0.720443725585938,0.330584168434143,True,3.55720520019531,True,3.66049194335938
250,384.4202248,True,-49.0003776550293,-32.6835441589355,586.155578613281,True,10.6456737518311,-33.9609298706055,588.755004882813,True,124.355308532715,191.619049072266,46.8638076782227,True,0.725281357765198,0.368465781211853,True,120.155822753906,199.587295532227,49.7640533447266,True,0.717673599720001,0.341156125068665,True,3.5460205078125,True,3.63636779785156
251,384.421891466667,True,-48.9989738464355,-32.6811370849609,586.138671875,True,10.6494941711426,-33.9688873291016,588.728820800781,True,124.888381958008,192.828842163086,47.3041572570801,True,0.726247072219849,0.36431947350502,True,121.093856811523,200.598724365234,50.1321487426758,True,0.719372928142548,0.337689727544785,True,3.54399108886719,True,3.66497802734375
252,384.423558133333,True,-48.9979248046875,-32.6858520507813,586.134887695313,True,10.6514043807983,-33.9681129455566,588.768737792969,True,124.890991210938,190.478881835938,46.448902130127,True,0.726251840591431,0.372373431921005,True,119.397758483887,199.170715332031,49.612419128418,True,0.716300249099731,0.342583954334259,True,3.56578063964844,True,3.66012573242188
253,384.4252248,True,-48.9977188110352,-32.6811676025391,586.136047363281,True,10.6503047943115,-33.966926574707,588.746765136719,True,124.06867980957,190.501556396484,46.4571075439453,True,0.724762082099915,0.372295737266541,True,120.527992248535,200.093109130859,49.948127746582,True,0.718347787857056,0.339422643184662,True,3.55117797851563,True,3.65827941894531
254,384.426891466667,True,-48.9997863769531,-32.681999206543,586.155700683594,True,10.650074005127,-33.9624862670898,588.762756347656,True,124.125946044922,191.506164550781,46.8227615356445,True,0.724865853786469,0.36885267496109,True,119.783897399902,200.240570068359,50.0018157958984,True,0.716999769210815,0.338917195796967,True,3.55279541015625,True,3.65631103515625
255,384.428558133333,True,-48.9967308044434,-32.6817512512207,586.138000488281,True,10.6541538238525,-33.9640960693359,588.768005371094,True,124.914260864258,191.531036376953,46.8317832946777,True,0.726293981075287,0.368767470121384,True,118.460983276367,201.267181396484,50.3755187988281,True,0.714603245258331,0.335398644208908,True,3.55349731445313,True,3.652587890625
256,384.4302248,True,-48.9968872070313,-32.679313659668,586.136962890625,True,10.6540622711182,-33.9667625427246,588.781188964844,True,125.004928588867,191.856292724609,46.9502029418945,True,0.726458191871643,0.367652595043182,True,121.021423339844,201.821105957031,50.5770950317383,True,0.719241738319397,0.333500146865845,True,3.56024169921875,True,3.65615844726563
257,384.431891466667,True,-48.9960479736328,-32.6803741455078,586.135803222656,True,10.6547765731812,-33.9662055969238,588.770446777344,True,125.257629394531,194.290008544922,47.8360252380371,True,0.726915955543518,0.359311521053314,True,120.675682067871,203.835174560547,51.3101654052734,True,0.718615353107452,0.326597332954407,True,3.55146789550781,True,3.65249633789063
258,384.433558133333,True,-48.9975852966309,-32.6815757751465,586.138305664063,True,10.6538228988647,-33.9607086181641,588.790405273438,True,126.001174926758,190.977630615234,46.63037109375,True,0.728263080120087,0.370664119720459,True,119.444465637207,201.658889770508,50.5180053710938,True,0.716384947299957,0.334056228399277,True,3.564453125,True,3.6527099609375
259,384.4352248,True,-48.9975242614746,-32.6820602416992,586.121276855469,True,10.6569633483887,-33.968132019043,588.784057617188,True,125.927032470703,191.194244384766,46.709228515625,True,0.728128671646118,0.369921684265137,True,119.918930053711,201.570373535156,50.4858016967773,True,0.717244446277618,0.334359556436539,True,3.56190490722656,True,3.65335083007813
260,384.436891466667,True,-48.9986000061035,-32.6803741455078,586.153930664063,True,10.6561346054077,-33.9665374755859,588.767028808594,True,125.183029174805,192.952911376953,47.3492965698242,True,0.726780891418457,0.363894253969193,True,119.004570007324,200.61865234375,50.1393966674805,True,0.715588092803955,0.337621480226517,True,3.5545654296875,True,3.65330505371094
261,384.438558133333,True,-48.9975242614746,-32.6818389892578,586.133911132813,True,10.6598377227783,-33.9631843566895,588.774963378906,True,124.421951293945,190.978820800781,46.6307983398438,True,0.725402116775513,0.370660036802292,True,119.611663818359,201.978500366211,50.6343688964844,True,0.716687798500061,0.33296075463295,True,3.54991149902344,True,3.65438842773438
262,384.4402248,True,-48.9999351501465,-32.6823883056641,586.156005859375,True,10.6593761444092,-33.9667129516602,588.773803710938,True,123.391983032227,190.786422729492,46.5608215332031,True,0.723536252975464,0.371319353580475,True,119.168151855469,201.706741333008,50.5354423522949,True,0.715884327888489,0.333892196416855,True,3.54066467285156,True,3.65048217773438
263,384.441891466667,True,-48.9995803833008,-32.6793594360352,586.148376464844,True,10.6566495895386,-33.9649925231934,588.764282226563,True,125.496871948242,190.667694091797,46.5175628662109,True,0.727349400520325,0.371726363897324,True,120.374855041504,200.303680419922,50.0247802734375,True,0.718070447444916,0.338700950145721,True,3.55363464355469,True,3.63752746582031
264,384.443558133333,True,-48.9970207214355,-32.6828460693359,586.137451171875,True,10.6618843078613,-33.9647064208984,588.805053710938,True,123.160331726074,190.515808105469,46.4622688293457,True,0.7231165766716,0.372246950864792,True,119.69287109375,202.345947265625,50.7681198120117,True,0.716834902763367,0.331701427698135,True,3.5604248046875,True,3.64881896972656
265,384.4452248,True,-48.9964752197266,-32.6814384460449,586.134521484375,True,10.6617832183838,-33.9637298583984,588.784851074219,True,123.526901245117,191.573333740234,46.8472061157227,True,0.723780632019043,0.368622422218323,True,114.809043884277,202.740753173828,50.9117965698242,True,0.707987427711487,0.330348312854767,True,3.56172180175781,True,3.61627197265625
266,384.446891466667,True,-48.9960250854492,-32.677059173584,586.139831542969,True,10.6635837554932,-33.9671859741211,588.800598144531,True,122.790832519531,193.378372192383,47.5041923522949,True,0.722447156906128,0.362436026334763,True,118.209732055664,200.502670288086,50.0972137451172,True,0.714148163795471,0.338018864393234,True,3.53558349609375,True,3.6484375
267,384.448558133333,True,-48.9990310668945,-32.6791496276855,586.156799316406,True,10.6644220352173,-33.961555480957,588.8203125,True,125.591323852539,192.669219970703,47.2460861206055,True,0.72752058506012,0.364866495132446,True,119.332229614258,203.137908935547,51.0563430786133,True,0.716181635856628,0.328987181186676,True,3.5447998046875,True,3.65589904785156
268,384.4502248,True,-49.0001602172852,-32.6838073730469,586.154113769531,True,10.6651287078857,-33.965217590332,588.806396484375,True,123.395904541016,189.920440673828,46.2455902099609,True,0.723543405532837,0.37428742647171,True,118.433853149414,202.531356811523,50.8355865478516,True,0.714554071426392,0.331065952777863,True,3.5562744140625,True,3.64506530761719
269,384.451891466667,True,-48.999942779541,-32.6832122802734,586.161071777344,True,10.6633930206299,-33.9610557556152,588.818115234375,True,123.229316711426,189.733215332031,46.1774673461914,True,0.723241567611694,0.374929070472717,True,117.75772857666,200.953353881836,50.2612380981445,True,0.713329255580902,0.336474299430847,True,3.55082702636719,True,3.64938354492188
270,384.453558133333,True,-48.9971542358398,-32.6812057495117,586.138122558594,True,10.667064666748,-33.9660797119141,588.837158203125,True,123.358474731445,190.004119873047,46.2760543823242,True,0.723475515842438,0.374000579118729,True,120.416427612305,202.860015869141,50.955207824707,True,0.718145728111267,0.329939484596252,True,3.564697265625,True,3.65203857421875
271,384.4552248,True,-48.9937057495117,-32.6769027709961,586.121520996094,True,10.6682052612305,-33.9670257568359,588.837890625,True,125.479446411133,193.778091430664,47.6496200561523,True,0.727317869663239,0.361066102981567,True,117.773040771484,201.421600341797,50.4316635131836,True,0.713356971740723,0.33486944437027,True,3.54733276367188,True,3.67013549804688
272,384.456891466667,True,-48.9965667724609,-32.6794509887695,586.14013671875,True,10.669451713562,-33.9680213928223,588.845825195313,True,124.422027587891,191.964157104492,46.9894599914551,True,0.725402235984802,0.367282927036285,True,118.414772033691,200.727630615234,50.1791000366211,True,0.714519500732422,0.337247878313065,True,3.56410217285156,True,3.65997314453125
273,384.458558133333,True,-48.9940490722656,-32.6787109375,586.1181640625,True,10.6700611114502,-33.9649887084961,588.82421875,True,124.100173950195,191.716217041016,46.8992080688477,True,0.724819183349609,0.368132770061493,True,118.39404296875,203.310546875,51.1192398071289,True,0.714481949806213,0.328395366668701,True,3.55534362792969,True,3.663818359375
274,384.4602248,True,-48.9959106445313,-32.6776084899902,586.13916015625,True,10.6701326370239,-33.968189239502,588.850402832031,True,123.785636901855,191.617645263672,46.8633270263672,True,0.724249362945557,0.368470549583435,True,119.167991638184,201.8740234375,50.5963439941406,True,0.71588408946991,0.333318769931793,True,3.55934143066406,True,3.66983032226563
275,384.461891466667,True,-48.9948616027832,-32.6810874938965,586.133544921875,True,10.6729850769043,-33.9700355529785,588.827819824219,True,123.441482543945,189.634689331055,46.1415176391602,True,0.723625898361206,0.375266909599304,True,119.294555664063,201.82829284668,50.5796813964844,True,0.716113328933716,0.333475589752197,True,3.56182861328125,True,3.67118835449219
276,384.463558133333,True,-48.996467590332,-32.6744422912598,586.151000976563,True,10.6736812591553,-33.965015411377,588.842224121094,True,123.11994934082,191.784698486328,46.9241485595703,True,0.723043441772461,0.367898046970367,True,120.01545715332,203.41471862793,51.1571350097656,True,0.717419326305389,0.328038394451141,True,3.55180358886719,True,3.65748596191406
277,384.4652248,True,-48.9941635131836,-32.6775436401367,586.126342773438,True,10.6732692718506,-33.9729843139648,588.829833984375,True,122.233871459961,192.026000976563,47.0119285583496,True,0.72143816947937,0.367071032524109,True,119.396965026855,200.647247314453,50.1498565673828,True,0.716298937797546,0.337523281574249,True,3.54914855957031,True,3.6612548828125
278,384.466891466667,True,-48.9944381713867,-32.6818084716797,586.135925292969,True,10.6729345321655,-33.9692764282227,588.847534179688,True,123.665298461914,190.839965820313,46.5802764892578,True,0.724031329154968,0.371135920286179,True,118.385391235352,200.993606567383,50.2758941650391,True,0.714466214179993,0.336336314678192,True,3.56312561035156,True,3.65861511230469
279,384.468558133333,True,-48.9934539794922,-32.6790008544922,586.13671875,True,10.6757965087891,-33.975959777832,588.843383789063,True,124.90771484375,192.321701049805,47.1196136474609,True,0.726282119750977,0.366057515144348,True,117.558723449707,200.001586914063,49.9148406982422,True,0.712968707084656,0.33973628282547,True,3.56161499023438,True,3.65933227539063
280,384.4702248,True,-48.9920043945313,-32.6798858642578,586.11669921875,True,10.6776895523071,-33.9711532592773,588.844482421875,True,123.220489501953,190.693862915039,46.527099609375,True,0.723225593566895,0.371636599302292,True,116.728759765625,200.164886474609,49.9742736816406,True,0.711465179920197,0.339176565408707,True,3.56022644042969,True,3.67318725585938
281,384.471891466667,True,-48.9895515441895,-32.6812858581543,586.101257324219,True,10.6796131134033,-33.9717674255371,588.859069824219,True,121.987854003906,191.030303955078,46.6495323181152,True,0.72099244594574,0.370483636856079,True,117.692581176758,201.828079223633,50.5796203613281,True,0.713211178779602,0.333476305007935,True,3.56036376953125,True,3.65240478515625
282,384.473558133333,True,-48.9919662475586,-32.6819686889648,586.137756347656,True,10.678614616394,-33.9764060974121,588.841674804688,True,124.346557617188,190.438858032227,46.434253692627,True,0.725265502929688,0.372510701417923,True,118.244781494141,199.928253173828,49.8881416320801,True,0.714211523532867,0.339987635612488,True,3.561767578125,True,3.67622375488281
283,384.4752248,True,-48.9897918701172,-32.6809577941895,586.122192382813,True,10.680212020874,-33.9698829650879,588.853759765625,True,123.497108459473,191.098052978516,46.674186706543,True,0.723726630210876,0.370251387357712,True,118.718055725098,202.069854736328,50.6676406860352,True,0.715068936347961,0.332647621631622,True,3.56697082519531,True,3.66645812988281
284,384.476891466667,True,-48.9895172119141,-32.6805992126465,586.119934082031,True,10.6817626953125,-33.9760322570801,588.843322753906,True,124.563629150391,191.469421386719,46.8093643188477,True,0.725658774375916,0.368978559970856,True,118.170104980469,201.005920410156,50.2803268432617,True,0.714076280593872,0.336294144392014,True,3.56277465820313,True,3.66215515136719
285,384.478558133333,True,-48.9876174926758,-32.6834869384766,586.105590820313,True,10.681830406189,-33.972713470459,588.850646972656,True,125.433807373047,190.340942382813,46.3986015319824,True,0.72723513841629,0.372846305370331,True,119.277320861816,201.764022827148,50.5563163757324,True,0.716082096099854,0.333695888519287,True,3.567626953125,True,3.68125915527344
286,384.4802248,True,-48.9897766113281,-32.6837043762207,586.134643554688,True,10.6824760437012,-33.9785461425781,588.847900390625,True,123.785781860352,191.164108276367,46.6982345581055,True,0.724249720573425,0.370025008916855,True,117.344314575195,199.412994384766,49.7005767822266,True,0.712580323219299,0.341753602027893,True,3.56642150878906,True,3.66867065429688
287,384.481891466667,True,-48.9878234863281,-32.6823959350586,586.121643066406,True,10.6847610473633,-33.9785499572754,588.860473632813,True,122.12264251709,191.035598754883,46.6514625549316,True,0.721236646175385,0.370465397834778,True,118.032211303711,200.277160644531,50.0151176452637,True,0.713826537132263,0.338791847229004,True,3.55683898925781,True,3.67123413085938
288,384.483558133333,True,-48.9856071472168,-32.680793762207,586.103759765625,True,10.6858053207397,-33.9699974060059,588.849426269531,True,124.32698059082,190.199325561523,46.3470611572266,True,0.725230097770691,0.373331665992737,True,119.023727416992,203.284912109375,51.1098556518555,True,0.715622663497925,0.32848334312439,True,3.56451416015625,True,3.66273498535156
289,384.4852248,True,-48.9853515625,-32.6812896728516,586.117919921875,True,10.6877088546753,-33.9761428833008,588.869812011719,True,123.806304931641,189.955657958984,46.2584381103516,True,0.724286794662476,0.37416672706604,True,117.223403930664,200.93505859375,50.2545928955078,True,0.71236127614975,0.336536914110184,True,3.56204223632813,True,3.673095703125
290,384.486891466667,True,-48.981575012207,-32.6770133972168,586.100402832031,True,10.6878690719604,-33.9748268127441,588.862915039063,True,123.339767456055,193.323913574219,47.4843139648438,True,0.723441600799561,0.362622708082199,True,117.650436401367,201.3701171875,50.4129409790039,True,0.71313488483429,0.335045874118805,True,3.54747009277344,True,3.66485595703125
291,384.488558133333,True,-48.982967376709,-32.6851539611816,586.106994628906,True,10.6857061386108,-33.9728927612305,588.839111328125,True,124.577743530273,188.737182617188,45.8149108886719,True,0.725684285163879,0.378342777490616,True,116.092323303223,199.186614990234,49.6181869506836,True,0.710312187671661,0.34252941608429,True,3.5701904296875,True,3.66679382324219
292,384.4902248,True,-48.9819259643555,-32.6790428161621,586.112670898438,True,10.6885204315186,-33.9733963012695,588.868774414063,True,123.906723022461,193.077941894531,47.3948135375977,True,0.72446870803833,0.36346572637558,True,116.110214233398,199.142120361328,49.6019744873047,True,0.710344612598419,0.342681914567947,True,3.54902648925781,True,3.66912841796875
293,384.491891466667,True,-48.9821014404297,-32.6794204711914,586.127624511719,True,10.6902780532837,-33.9767990112305,588.86181640625,True,123.230834960938,192.886184692383,47.325008392334,True,0.723244309425354,0.364122927188873,True,117.685073852539,200.4091796875,50.0631484985352,True,0.713197588920593,0.338339328765869,True,3.56727600097656,True,3.66807556152344
294,384.493558133333,True,-48.9824371337891,-32.6796646118164,586.139282226563,True,10.6922979354858,-33.9799194335938,588.8642578125,True,123.77262878418,191.530807495117,46.8317031860352,True,0.724225759506226,0.368768274784088,True,115.644271850586,199.843444824219,49.8572616577148,True,0.709500432014465,0.340278327465057,True,3.55282592773438,True,3.67437744140625
295,384.4952248,True,-48.9789581298828,-32.6841278076172,586.121826171875,True,10.6916885375977,-33.9755058288574,588.842529296875,True,123.41365814209,189.288955688477,46.015739440918,True,0.723575472831726,0.376451730728149,True,117.445068359375,200.474090576172,50.0868148803711,True,0.712762832641602,0.338116824626923,True,3.56832885742188,True,3.66436767578125
296,384.496891466667,True,-48.9784812927246,-32.6817665100098,586.122131347656,True,10.6954717636108,-33.9823150634766,588.847229003906,True,124.239234924316,190.531143188477,46.4678344726563,True,0.725071132183075,0.372194409370422,True,116.000717163086,199.866760253906,49.8657608032227,True,0.710146188735962,0.340198338031769,True,3.56817626953125,True,3.672607421875
297,384.498558133333,True,-48.9765777587891,-32.683967590332,586.121826171875,True,10.6945266723633,-33.9776916503906,588.861511230469,True,124.046798706055,189.456069946289,46.0765228271484,True,0.724722504615784,0.375879019498825,True,117.007553100586,199.636962890625,49.7821388244629,True,0.711970210075378,0.340985894203186,True,3.56806945800781,True,3.67068481445313
298,384.5002248,True,-48.9758186340332,-32.6793556213379,586.127197265625,True,10.698881149292,-33.9817123413086,588.879333496094,True,124.779632568359,192.7646484375,47.2807998657227,True,0.726050078868866,0.364539444446564,True,117.831336975098,199.825622558594,49.8507652282715,True,0.713462591171265,0.340339362621307,True,3.5556640625,True,3.67471313476563
299,384.501891466667,True,-48.9738235473633,-32.6850700378418,586.144165039063,True,10.6984519958496,-33.980339050293,588.865112304688,True,122.376327514648,189.430541992188,46.0672988891602,True,0.721696257591248,0.375966429710388,True,118.199485778809,201.096435546875,50.3133239746094,True,0.714129447937012,0.335983872413635,True,3.56802368164063,True,3.67051696777344
300,384.503558133333,True,-48.9750595092773,-32.6804351806641,586.148986816406,True,10.6982364654541,-33.9821968078613,588.850830078125,True,125.297576904297,189.458129882813,46.077335357666,True,0.72698837518692,0.375871896743774,True,117.188674926758,199.714263916016,49.8102340698242,True,0.712298393249512,0.340721040964127,True,3.56797790527344,True,3.66819763183594
301,384.5052248,True,-48.9719467163086,-32.6834030151367,586.1474609375,True,10.7016344070435,-33.9864921569824,588.874267578125,True,123.511322021484,190.849761962891,46.5838623046875,True,0.723752379417419,0.371102392673492,True,117.42512512207,199.717742919922,49.8114624023438,True,0.712726712226868,0.340709179639816,True,3.56459045410156,True,3.67225646972656
302,384.506891466667,True,-48.9751205444336,-32.6837768554688,586.180053710938,True,10.7027759552002,-33.990779876709,588.862976074219,True,121.755004882813,188.562164306641,45.7512283325195,True,0.720570683479309,0.378942608833313,True,117.539054870605,198.005996704102,49.1884613037109,True,0.712933123111725,0.346575766801834,True,3.56427001953125,True,3.67973327636719
303,384.508558133333,True,-48.9725646972656,-32.682674407959,586.162048339844,True,10.7006225585938,-33.9798355102539,588.823974609375,True,124.626861572266,188.518768310547,45.7353820800781,True,0.725773334503174,0.379091411828995,True,118.408226013184,199.733795166016,49.8173294067383,True,0.714507699012756,0.340654104948044,True,3.56925964355469,True,3.6661376953125
304,384.5102248,True,-48.9705505371094,-32.6852149963379,586.181457519531,True,10.7019023895264,-33.9833030700684,588.852966308594,True,122.111312866211,188.084381103516,45.5772933959961,True,0.721216201782227,0.380580127239227,True,117.39958190918,199.775497436523,49.8325157165527,True,0.712680459022522,0.340511202812195,True,3.57928466796875,True,3.66952514648438
305,384.511891466667,True,-48.9680290222168,-32.6836814880371,586.187866210938,True,10.702615737915,-33.9852142333984,588.846862792969,True,122.819961547852,190.4296875,46.4309463500977,True,0.722499966621399,0.37254211306572,True,117.555778503418,198.681884765625,49.4344673156738,True,0.712963342666626,0.344259291887283,True,3.56829833984375,True,3.67745971679688
306,384.513558133333,True,-48.9685363769531,-32.6806411743164,586.182495117188,True,10.7037553787231,-33.9890823364258,588.861328125,True,123.781051635742,188.689208984375,45.7974548339844,True,0.724241077899933,0.378507226705551,True,118.012962341309,197.431213378906,48.9793243408203,True,0.713791608810425,0.348545700311661,True,3.56976318359375,True,3.67875671386719
307,384.5152248,True,-48.9660377502441,-32.6835823059082,586.184204101563,True,10.7019348144531,-33.9783554077148,588.825439453125,True,123.170593261719,188.772644042969,45.8277893066406,True,0.723135113716125,0.378221273422241,True,117.939834594727,198.45654296875,49.3524703979492,True,0.713659167289734,0.34503161907196,True,3.57363891601563,True,3.67271423339844
308,384.516891466667,True,-48.9679222106934,-32.6870613098145,586.224792480469,True,10.7041349411011,-33.9765319824219,588.823120117188,True,122.860961914063,187.37727355957,45.3199462890625,True,0.722574234008789,0.38300359249115,True,119.277008056641,201.378799438477,50.4161262512207,True,0.716081559658051,0.335016071796417,True,3.57164001464844,True,3.67442321777344
309,384.518558133333,True,-48.9659729003906,-32.683349609375,586.201904296875,True,10.7055721282959,-33.9800872802734,588.835693359375,True,124.670135498047,189.092132568359,45.9441299438477,True,0.725851774215698,0.377126306295395,True,116.75993347168,200.37158203125,50.0494766235352,True,0.711521625518799,0.338468194007874,True,3.57907104492188,True,3.66661071777344
310,384.5202248,True,-48.9669990539551,-32.6855506896973,586.240478515625,True,10.7034044265747,-33.9793548583984,588.824157714844,True,123.436737060547,187.834869384766,45.4864730834961,True,0.723617315292358,0.381435334682465,True,117.427841186523,199.077026367188,49.5783386230469,True,0.712731599807739,0.342904984951019,True,3.57820129394531,True,3.6707763671875
311,384.521891466667,True,-48.9646186828613,-32.6806259155273,586.244506835938,True,10.7052879333496,-33.9847297668457,588.814819335938,True,122.923294067383,190.453598022461,46.4396362304688,True,0.722687125205994,0.372460126876831,True,117.493438720703,197.596893310547,49.0395851135254,True,0.712850451469421,0.347977876663208,True,3.57106018066406,True,3.68606567382813
312,384.523558133333,True,-48.9639167785645,-32.6812400817871,586.241821289063,True,10.7070713043213,-33.9799041748047,588.818237304688,True,122.204040527344,190.454193115234,46.4398498535156,True,0.721384167671204,0.372458100318909,True,118.490829467773,200.673446655273,50.1593704223633,True,0.714657247066498,0.337433576583862,True,3.57060241699219,True,3.67910766601563
313,384.5252248,True,-48.9649925231934,-32.6880187988281,586.2421875,True,10.706563949585,-33.9846038818359,588.835327148438,True,122.497253417969,188.406143188477,45.6944198608398,True,0.721915364265442,0.379477381706238,True,117.396179199219,197.744140625,49.0931510925293,True,0.712674260139465,0.34747326374054,True,3.58476257324219,True,3.68548583984375
314,384.526891466667,True,-48.963508605957,-32.6828651428223,586.267333984375,True,10.7066173553467,-33.9759407043457,588.820861816406,True,122.575332641602,187.912994384766,45.5149230957031,True,0.722056746482849,0.381167590618134,True,118.170562744141,199.170227050781,49.6122283935547,True,0.714077115058899,0.342585623264313,True,3.58711242675781,True,3.67970275878906
315,384.528558133333,True,-48.9635887145996,-32.6865005493164,586.264221191406,True,10.7084627151489,-33.9774208068848,588.824340820313,True,123.699584960938,187.777465820313,45.4656181335449,True,0.724093437194824,0.381632000207901,True,118.117584228516,199.643127441406,49.7843360900879,True,0.713981151580811,0.340964823961258,True,3.57846069335938,True,3.68795776367188
316,384.5302248,True,-48.9656791687012,-32.6829490661621,586.282470703125,True,10.7063827514648,-33.9833221435547,588.81640625,True,123.464553833008,189.551147460938,46.1111106872559,True,0.723667681217194,0.375553131103516,True,118.28784942627,197.576995849609,49.032356262207,True,0.714289605617523,0.348046064376831,True,3.567138671875,True,3.67805480957031
317,384.531891466667,True,-48.9640312194824,-32.6856460571289,586.280151367188,True,10.7077407836914,-33.9804077148438,588.813537597656,True,122.857803344727,188.35400390625,45.675407409668,True,0.722568511962891,0.379656136035919,True,117.813148498535,198.807556152344,49.480224609375,True,0.713429629802704,0.343828588724136,True,3.57772827148438,True,3.67536926269531
318,384.533558133333,True,-48.9614448547363,-32.6862182617188,586.286804199219,True,10.7085437774658,-33.9757766723633,588.81640625,True,122.630584716797,188.821243286133,45.8455276489258,True,0.722156822681427,0.378054648637772,True,118.258399963379,199.817855834961,49.8479690551758,True,0.714236259460449,0.340365946292877,True,3.58354187011719,True,3.67756652832031
319,384.5352248,True,-48.9640426635742,-32.6832656860352,586.301391601563,True,10.7094678878784,-33.9818878173828,588.822265625,True,123.962875366211,189.529739379883,46.1033782958984,True,0.724570453166962,0.375626444816589,True,115.798767089844,196.06672668457,48.4826507568359,True,0.709780395030975,0.353222250938416,True,3.57264709472656,True,3.68986511230469
320,384.536891466667,True,-48.9610939025879,-32.6813278198242,586.2626953125,True,10.7081432342529,-33.9766998291016,588.805541992188,True,123.548843383789,189.733428955078,46.1775131225586,True,0.723820447921753,0.374928325414658,True,116.811111450195,198.123168945313,49.2311706542969,True,0.711614370346069,0.346174150705338,True,3.575439453125,True,3.669677734375
321,384.538558133333,True,-48.9608993530273,-32.6834487915039,586.280578613281,True,10.7121868133545,-33.9819755554199,588.864196777344,True,123.438705444336,189.227996826172,45.9935455322266,True,0.723620891571045,0.376660645008087,True,117.736663818359,199.321685791016,49.6673202514648,True,0.713291049003601,0.342066526412964,True,3.57572937011719,True,3.69514465332031
322,384.5402248,True,-48.9610748291016,-32.6824493408203,586.282592773438,True,10.7092437744141,-33.9775314331055,588.820556640625,True,123.481994628906,189.887115478516,46.2334785461426,True,0.723699331283569,0.374401599168777,True,117.285148620605,198.921813964844,49.5218276977539,True,0.712473154067993,0.343436986207962,True,3.56990051269531,True,3.69013977050781
323,384.541891466667,True,-48.9624290466309,-32.6869277954102,586.30322265625,True,10.7082681655884,-33.9752349853516,588.831298828125,True,123.858062744141,188.063827514648,45.5697937011719,True,0.724380612373352,0.380650639533997,True,117.517044067383,197.240356445313,48.9097938537598,True,0.712893187999725,0.349199861288071,True,3.56578063964844,True,3.67831420898438
324,384.543558133333,True,-48.9658660888672,-32.6850357055664,586.334716796875,True,10.7107553482056,-33.9780731201172,588.834228515625,True,123.365112304688,190.003814697266,46.2759323120117,True,0.723487555980682,0.374001681804657,True,117.513366699219,199.926559448242,49.8875122070313,True,0.712886571884155,0.339993417263031,True,3.57034301757813,True,3.68995666503906
325,384.5452248,True,-48.9600868225098,-32.6808662414551,586.285400390625,True,10.7064142227173,-33.9756546020508,588.826599121094,True,123.104644775391,191.419204711914,46.7910537719727,True,0.72301572561264,0.369150698184967,True,116.944633483887,197.541229248047,49.0193328857422,True,0.711856245994568,0.348168671131134,True,3.57106018066406,True,3.66841125488281
326,384.546891466667,True,-48.9614486694336,-32.686336517334,586.301330566406,True,10.7068500518799,-33.98046875,588.822387695313,True,122.840560913086,188.773223876953,45.8280181884766,True,0.722537279129028,0.378219276666641,True,119.175270080566,198.029327392578,49.1969909667969,True,0.71589720249176,0.346495777368546,True,3.58570861816406,True,3.68101501464844
327,384.548558133333,True,-48.9603958129883,-32.6843032836914,586.284362792969,True,10.710485458374,-33.9814224243164,588.864624023438,True,123.498687744141,190.737335205078,46.5429420471191,True,0.723729491233826,0.371487647294998,True,117.110488891602,199.419799804688,49.7030372619629,True,0.712156713008881,0.341730266809464,True,3.57746887207031,True,3.68911743164063
328,384.5502248,True,-48.9637222290039,-32.6835975646973,586.300598144531,True,10.7108383178711,-33.9790153503418,588.824462890625,True,123.876113891602,190.184387207031,46.3416519165039,True,0.724413275718689,0.373382806777954,True,119.126831054688,201.95915222168,50.627311706543,True,0.715809464454651,0.333027124404907,True,3.5733642578125,True,3.69911193847656
329,384.551891466667,True,-48.9600105285645,-32.683219909668,586.268676757813,True,10.7070322036743,-33.9806060791016,588.8232421875,True,123.732261657715,192.376953125,47.1396903991699,True,0.724152684211731,0.365868210792542,True,117.886344909668,200.07666015625,49.9421463012695,True,0.713562250137329,0.339478969573975,True,3.56837463378906,True,3.69319152832031
330,384.553558133333,True,-48.9639511108398,-32.6882743835449,586.286376953125,True,10.706353187561,-33.9798469543457,588.822265625,True,123.828109741211,189.197052001953,45.9822692871094,True,0.724326312541962,0.376766711473465,True,119.191680908203,200.230545043945,49.9981155395508,True,0.715927004814148,0.338951587677002,True,3.57936096191406,True,3.69210815429688
331,384.5552248,True,-48.9660835266113,-32.691951751709,586.322387695313,True,10.7031469345093,-33.9754028320313,588.823852539063,True,122.296264648438,189.997924804688,46.2737350463867,True,0.721551179885864,0.374021917581558,True,117.347396850586,196.868576049805,48.774486541748,True,0.712585866451263,0.350474059581757,True,3.57371520996094,True,3.67263793945313
332,384.556891466667,True,-48.9662590026855,-32.6905059814453,586.285827636719,True,10.7051525115967,-33.9794769287109,588.818725585938,True,124.331604003906,188.260528564453,45.6414413452148,True,0.725238442420959,0.379976451396942,True,117.528442382813,199.793640136719,49.8391075134277,True,0.712913870811462,0.340449005365372,True,3.58538818359375,True,3.68133544921875
333,384.558558133333,True,-48.9676818847656,-32.6888122558594,586.30029296875,True,10.7042331695557,-33.9809417724609,588.823120117188,True,123.812454223633,190.480712890625,46.449462890625,True,0.724297940731049,0.372367262840271,True,118.62663269043,198.732482910156,49.4528999328613,True,0.714903354644775,0.344085872173309,True,3.57998657226563,True,3.684326171875
334,384.5602248,True,-48.9681854248047,-32.6969757080078,586.303283691406,True,10.704662322998,-33.9820442199707,588.825134277344,True,122.684257507324,188.108734130859,45.5861663818359,True,0.7222540974617,0.380496710538864,True,118.171691894531,199.229034423828,49.6336441040039,True,0.714079141616821,0.342384040355682,True,3.56990051269531,True,3.68684387207031
335,384.561891466667,True,-48.9681549072266,-32.6932411193848,586.290222167969,True,10.7052555084229,-33.985481262207,588.833740234375,True,123.307662963867,189.691436767578,46.162223815918,True,0.72338342666626,0.375072240829468,True,117.481781005859,198.731811523438,49.4526901245117,True,0.712829351425171,0.344088137149811,True,3.57774353027344,True,3.70310974121094
336,384.563558133333,True,-48.9698677062988,-32.6979179382324,586.288208007813,True,10.7064094543457,-33.9846801757813,588.843933105469,True,122.857955932617,190.168869018555,46.3360061645508,True,0.722568809986115,0.373435974121094,True,117.840942382813,200.406616210938,50.062255859375,True,0.713479995727539,0.338348090648651,True,3.57737731933594,True,3.703857421875
337,384.5652248,True,-48.9686813354492,-32.697681427002,586.266967773438,True,10.7039279937744,-33.9872398376465,588.837341308594,True,124.183212280273,188.302185058594,45.6566009521484,True,0.724969625473022,0.379833698272705,True,118.598114013672,199.65983581543,49.790412902832,True,0.71485161781311,0.340907543897629,True,3.588134765625,True,3.68890380859375
338,384.566891466667,True,-48.9700508117676,-32.6976013183594,586.265869140625,True,10.7007694244385,-33.9883193969727,588.843994140625,True,124.885101318359,189.334732055664,46.0323791503906,True,0.726241171360016,0.376294821500778,True,118.143013000488,196.284851074219,48.5620803833008,True,0.714027225971222,0.352474629878998,True,3.58319091796875,True,3.69000244140625
339,384.568558133333,True,-48.9700241088867,-32.6989669799805,586.248779296875,True,10.7031879425049,-33.9851837158203,588.828186035156,True,122.535659790039,189.282562255859,46.0134353637695,True,0.72198498249054,0.376473546028137,True,118.332412719727,200.862014770508,50.2279815673828,True,0.714370310306549,0.336787343025208,True,3.58090209960938,True,3.68740844726563
340,384.5702248,True,-48.9721870422363,-32.7018165588379,586.264709472656,True,10.7002868652344,-33.9852447509766,588.830444335938,True,124.253021240234,189.588714599609,46.124828338623,True,0.725096046924591,0.375424444675446,True,117.955871582031,198.521331787109,49.3761138916016,True,0.713688135147095,0.344809502363205,True,3.58099365234375,True,3.70948791503906
341,384.571891466667,True,-48.9725952148438,-32.7001113891602,586.223327636719,True,10.7011337280273,-33.9861526489258,588.848449707031,True,123.336898803711,188.680725097656,45.7943458557129,True,0.72343647480011,0.378536313772202,True,118.014701843262,199.87760925293,49.8697128295898,True,0.713794767856598,0.340161144733429,True,3.58436584472656,True,3.68362426757813
342,384.573558133333,True,-48.9740600585938,-32.7012252807617,586.242431640625,True,10.6974077224731,-33.9900665283203,588.810241699219,True,125.412628173828,190.071136474609,46.3004341125488,True,0.7271968126297,0.373770952224731,True,118.325698852539,196.993560791016,48.8199920654297,True,0.714358150959015,0.350045740604401,True,3.5789794921875,True,3.69123840332031
343,384.5752248,True,-48.9740982055664,-32.7063636779785,586.216552734375,True,10.6960096359253,-33.9832191467285,588.833618164063,True,123.542327880859,186.298400878906,44.9272766113281,True,0.723808586597443,0.386701226234436,True,119.149642944336,198.8994140625,49.5136604309082,True,0.715850830078125,0.343513786792755,True,3.59225463867188,True,3.67518615722656
344,384.576891466667,True,-48.9752197265625,-32.7032241821289,586.237854003906,True,10.696605682373,-33.9827041625977,588.825561523438,True,123.674667358398,189.992156982422,46.2716751098633,True,0.724048376083374,0.374041646718979,True,118.073547363281,200.136413574219,49.9638748168945,True,0.713901400566101,0.339274197816849,True,3.57890319824219,True,3.69456481933594
345,384.578558133333,True,-48.9801330566406,-32.705207824707,586.256958007813,True,10.6948471069336,-33.9813346862793,588.831665039063,True,122.841003417969,188.787200927734,45.8331108093262,True,0.722537994384766,0.378171384334564,True,118.394630432129,198.774017333984,49.4680557250977,True,0.714483082294464,0.343943446874619,True,3.58538818359375,True,3.68827819824219
346,384.5802248,True,-48.9797286987305,-32.7052688598633,586.240173339844,True,10.6941957473755,-33.9864273071289,588.827453613281,True,123.044967651367,189.133804321289,45.9592895507813,True,0.722907602787018,0.376983463764191,True,119.444107055664,197.962890625,49.1727981567383,True,0.716384172439575,0.346723467111588,True,3.57356262207031,True,3.68673706054688
347,384.581891466667,True,-48.9812316894531,-32.7066497802734,586.239379882813,True,10.6943769454956,-33.9788093566895,588.802978515625,True,124.324645996094,188.642532348633,45.7804718017578,True,0.725225806236267,0.378667205572128,True,118.528625488281,200.510528564453,50.1000671386719,True,0.71472579240799,0.337991893291473,True,3.58688354492188,True,3.69326782226563
348,384.583558133333,True,-48.9813385009766,-32.7036018371582,586.2197265625,True,10.6955909729004,-33.9869804382324,588.842346191406,True,125.635345458984,189.823013305664,46.2101249694824,True,0.72760021686554,0.374621331691742,True,118.442260742188,198.375152587891,49.3228416442871,True,0.714569330215454,0.345310568809509,True,3.58036804199219,True,3.70303344726563
349,384.5852248,True,-48.9819717407227,-32.7068481445313,586.218383789063,True,10.6933479309082,-33.9853210449219,588.8212890625,True,124.872024536133,189.475463867188,46.0836486816406,True,0.72621750831604,0.375812441110611,True,117.931297302246,197.863922119141,49.1367645263672,True,0.713643670082092,0.347062736749649,True,3.57685852050781,True,3.69264221191406
350,384.586891466667,True,-48.9816741943359,-32.7079467773438,586.201232910156,True,10.6933994293213,-33.9835968017578,588.828063964844,True,125.027755737305,188.566284179688,45.7527198791504,True,0.726499557495117,0.378928512334824,True,120.042465209961,200.789276123047,50.2015075683594,True,0.71746826171875,0.337036639451981,True,3.58027648925781,True,3.69468688964844
351,384.588558133333,True,-48.9851150512695,-32.7004623413086,586.240478515625,True,10.6933794021606,-33.9867057800293,588.843139648438,True,123.471450805664,193.495635986328,47.5468597412109,True,0.723680257797241,0.362034112215042,True,117.496337890625,196.870300292969,48.7751007080078,True,0.712855696678162,0.350468218326569,True,3.55355834960938,True,3.7001953125
352,384.5902248,True,-48.9848785400391,-32.700309753418,586.214111328125,True,10.6932697296143,-33.9864463806152,588.832275390625,True,124.900238037109,191.431640625,46.7956008911133,True,0.726268529891968,0.369108080863953,True,120.091941833496,199.928314208984,49.8881378173828,True,0.717557907104492,0.339987397193909,True,3.57499694824219,True,3.69047546386719
353,384.591891466667,True,-48.98828125,-32.7099456787109,586.232543945313,True,10.6929512023926,-33.9864730834961,588.822204589844,True,122.521987915039,187.310470581055,45.2956085205078,True,0.721960127353668,0.383232593536377,True,117.504219055176,197.976745605469,49.177848815918,True,0.712870001792908,0.346675992012024,True,3.58903503417969,True,3.70298767089844
354,384.593558133333,True,-48.9889450073242,-32.7091293334961,586.22314453125,True,10.6952724456787,-33.9830474853516,588.820617675781,True,125.511459350586,187.496520996094,45.3633079528809,True,0.72737580537796,0.382595002651215,True,117.522827148438,199.033325195313,49.5624160766602,True,0.712903618812561,0.34305477142334,True,3.58401489257813,True,3.69979858398438
355,384.5952248,True,-48.9885482788086,-32.7040786743164,586.218872070313,True,10.6942863464355,-33.9858093261719,588.824157714844,True,122.783966064453,188.978363037109,45.9026565551758,True,0.722434759140015,0.377516210079193,True,118.623275756836,197.842254638672,49.1288795471191,True,0.714897274971008,0.347136974334717,True,3.57241821289063,True,3.69886779785156
356,384.596891466667,True,-48.9885787963867,-32.7072715759277,586.195678710938,True,10.6939525604248,-33.9869613647461,588.822692871094,True,124.731636047363,186.502349853516,45.0015068054199,True,0.725963175296783,0.386002272367477,True,119.138778686523,197.842895507813,49.1290893554688,True,0.715831100940704,0.34713476896286,True,3.59458923339844,True,3.70773315429688
357,384.598558133333,True,-48.9865303039551,-32.7050514221191,586.174377441406,True,10.6942462921143,-33.9860572814941,588.839782714844,True,122.503631591797,188.869979858398,45.8632507324219,True,0.721926927566528,0.377887666225433,True,117.819549560547,197.915496826172,49.155517578125,True,0.713441252708435,0.346885979175568,True,3.5750732421875,True,3.70329284667969
358,384.6002248,True,-48.9905548095703,-32.7036972045898,586.206298828125,True,10.6943140029907,-33.9905128479004,588.826416015625,True,124.558654785156,189.208770751953,45.9865417480469,True,0.725649774074554,0.376726597547531,True,118.076110839844,196.435974121094,48.6170310974121,True,0.713906049728394,0.351956725120544,True,3.58203125,True,3.70172119140625
359,384.601891466667,True,-48.9912185668945,-32.7059135437012,586.205200195313,True,10.6951293945313,-33.9851264953613,588.81494140625,True,123.540832519531,188.382568359375,45.6858749389648,True,0.723805844783783,0.379558175802231,True,117.351776123047,199.448425292969,49.7134742736816,True,0.712593793869019,0.341632127761841,True,3.58956909179688,True,3.70223999023438
360,384.603558133333,True,-48.9916801452637,-32.6986465454102,586.184448242188,True,10.6952133178711,-33.9845123291016,588.841491699219,True,124.397041320801,186.501037597656,45.0009841918945,True,0.725356936454773,0.386006772518158,True,119.039825439453,199.396850585938,49.6947326660156,True,0.715651869773865,0.341808885335922,True,3.5911865234375,True,3.69918823242188
361,384.6052248,True,-48.9916152954102,-32.7036476135254,586.192443847656,True,10.6957912445068,-33.9856338500977,588.835754394531,True,125.39478302002,189.11474609375,45.9523048400879,True,0.727164506912231,0.377048790454865,True,119.517715454102,198.265121459961,49.2827682495117,True,0.716517567634583,0.345687687397003,True,3.58651733398438,True,3.70761108398438
362,384.606891466667,True,-48.9918174743652,-32.7027587890625,586.179321289063,True,10.6970148086548,-33.9803314208984,588.83740234375,True,126.145492553711,188.42366027832,45.700813293457,True,0.728524506092072,0.379417330026627,True,118.494506835938,200.743408203125,50.1848449707031,True,0.714663922786713,0.337193787097931,True,3.59320068359375,True,3.69705200195313
363,384.608558133333,True,-48.9901733398438,-32.7004089355469,586.150085449219,True,10.6956329345703,-33.9777336120605,588.831665039063,True,125.166809082031,189.589645385742,46.1251678466797,True,0.726751506328583,0.375421196222305,True,120.244110107422,200.286560058594,50.0185775756836,True,0.717833518981934,0.338759481906891,True,3.58351135253906,True,3.69708251953125
364,384.6102248,True,-48.9924125671387,-32.700569152832,586.172241210938,True,10.6970262527466,-33.9842796325684,588.836547851563,True,125.19172668457,187.883941650391,45.5043182373047,True,0.726796627044678,0.381267160177231,True,119.444396972656,198.844512939453,49.4936714172363,True,0.716384828090668,0.343701928853989,True,3.59112548828125,True,3.70448303222656
365,384.611891466667,True,-48.9919662475586,-32.7026596069336,586.179260253906,True,10.6993274688721,-33.9787864685059,588.833740234375,True,125.421844482422,187.552276611328,45.3836288452148,True,0.727213501930237,0.382403790950775,True,119.520095825195,201.730194091797,50.5439643859863,True,0.716521918773651,0.333811819553375,True,3.59080505371094,True,3.68000793457031
366,384.613558133333,True,-48.9918212890625,-32.7002716064453,586.160278320313,True,10.7004051208496,-33.9855003356934,588.854370117188,True,124.583984375,188.290008544922,45.6521530151367,True,0.725695610046387,0.379875391721725,True,117.750854492188,197.810211181641,49.1172103881836,True,0.713316738605499,0.347246766090393,True,3.58465576171875,True,3.69413757324219
367,384.6152248,True,-48.9906425476074,-32.6982879638672,586.177490234375,True,10.7014970779419,-33.9824371337891,588.85400390625,True,125.149635314941,190.940505981445,46.6168327331543,True,0.72672039270401,0.370791345834732,True,118.558639526367,199.351928710938,49.6783905029297,True,0.714780211448669,0.341962814331055,True,3.57466125488281,True,3.68974304199219
368,384.616891466667,True,-48.9886627197266,-32.6967010498047,586.121948242188,True,10.7019176483154,-33.9823455810547,588.866088867188,True,124.862632751465,188.09228515625,45.5801696777344,True,0.726200461387634,0.380553066730499,True,115.884674072266,199.627716064453,49.7787284851074,True,0.709936022758484,0.341017693281174,True,3.59271240234375,True,3.677001953125
369,384.618558133333,True,-48.989372253418,-32.6984443664551,586.1572265625,True,10.7014818191528,-33.9801139831543,588.847900390625,True,122.618438720703,188.012176513672,45.5510444641113,True,0.72213488817215,0.380827575922012,True,119.146217346191,198.929977416992,49.5247802734375,True,0.715844571590424,0.34340900182724,True,3.58137512207031,True,3.68678283691406
370,384.6202248,True,-48.9910507202148,-32.6969146728516,586.156066894531,True,10.7034997940063,-33.9822616577148,588.879211425781,True,123.764427185059,188.710647583008,45.805233001709,True,0.724210977554321,0.378433793783188,True,118.642639160156,198.037414550781,49.1999206542969,True,0.714932322502136,0.346468061208725,True,3.57917785644531,True,3.69873046875
371,384.621891466667,True,-48.9934539794922,-32.6933631896973,586.178466796875,True,10.7067584991455,-33.9800262451172,588.864624023438,True,124.217849731445,191.312194824219,46.7521820068359,True,0.725032329559326,0.36951744556427,True,118.481155395508,199.685760498047,49.7998657226563,True,0.714639782905579,0.340818703174591,True,3.56312561035156,True,3.70417785644531
372,384.623558133333,True,-48.9911003112793,-32.6970252990723,586.160095214844,True,10.7059993743896,-33.9862327575684,588.872192382813,True,123.446212768555,188.170669555664,45.6087036132813,True,0.723634481430054,0.380284488201141,True,119.953506469727,196.65266418457,48.6959075927734,True,0.717307090759277,0.351214021444321,True,3.57989501953125,True,3.69688415527344
373,384.6252248,True,-48.9880027770996,-32.6934585571289,586.142700195313,True,10.7067918777466,-33.981990814209,588.856323242188,True,123.815811157227,190.642105102539,46.5082092285156,True,0.724304020404816,0.371814072132111,True,118.345779418945,198.243499755859,49.2749290466309,True,0.714394569396973,0.345761775970459,True,3.56886291503906,True,3.70460510253906
374,384.626891466667,True,-48.9895935058594,-32.6944847106934,586.159912109375,True,10.7063884735107,-33.9758071899414,588.873840332031,True,126.510620117188,188.874450683594,45.864875793457,True,0.729185938835144,0.377872347831726,True,118.751930236816,198.392547607422,49.329174041748,True,0.71513032913208,0.345250904560089,True,3.59112548828125,True,3.69343566894531
375,384.628558133333,True,-48.9881820678711,-32.6966018676758,586.159057617188,True,10.7079296112061,-33.9866485595703,588.870361328125,True,123.891067504883,189.910171508789,46.2418670654297,True,0.724440395832062,0.374322593212128,True,119.310417175293,198.35498046875,49.3154602050781,True,0.716142058372498,0.345379769802094,True,3.58460998535156,True,3.70462036132813
376,384.6302248,True,-48.9905967712402,-32.7025756835938,586.16015625,True,10.703145980835,-33.9828720092773,588.873474121094,True,124.90486907959,190.623657226563,46.5015525817871,True,0.726276874542236,0.371877253055573,True,120.757843017578,199.13752746582,49.6003303527832,True,0.718764245510101,0.34269767999649,True,3.57728576660156,True,3.69743347167969
377,384.631891466667,True,-48.9971084594727,-32.714485168457,586.193603515625,True,10.6928215026855,-33.9909133911133,588.918579101563,True,125.744644165039,191.614105224609,46.8620071411133,True,0.727798342704773,0.368482708930969,True,120.647506713867,197.048858642578,48.840087890625,True,0.71856427192688,0.349856197834015,True,3.58334350585938,True,3.70610046386719
378,384.633558133333,True,-49.0083999633789,-32.7339248657227,586.232666015625,True,10.679801940918,-33.991771697998,588.878295898438,True,124.808654785156,191.296737670898,46.7465515136719,True,0.726102590560913,0.369570374488831,True,122.038330078125,199.188766479492,49.6189651489258,True,0.721083998680115,0.34252205491066,True,3.59318542480469,True,3.71084594726563
379,384.6352248,True,-49.027271270752,-32.750431060791,586.269348144531,True,10.6625413894653,-34.0176086425781,588.848815917969,True,124.95858001709,190.97900390625,46.6308746337891,True,0.726374268531799,0.370659351348877,True,123.307601928711,199.978668212891,49.9065055847168,True,0.723383367061615,0.339814782142639,True,3.58683776855469,True,3.71075439453125
380,384.636891466667,True,-49.0532836914063,-32.7742195129395,586.376403808594,True,10.6462297439575,-34.0431747436523,588.955627441406,True,123.876647949219,190.143905639648,46.3269309997559,True,0.724414229393005,0.373521506786346,True,121.478141784668,199.740570068359,49.8197631835938,True,0.720069110393524,0.340630978345871,True,3.58551025390625,True,3.72543334960938
381,384.638558133333,True,-49.0782470703125,-32.8058204650879,586.464965820313,True,10.6225032806396,-34.0478744506836,588.816772460938,True,123.409698486328,189.103057861328,45.9480972290039,True,0.723568260669708,0.377088814973831,True,118.701263427734,197.883834838867,49.1440238952637,True,0.715038478374481,0.346994429826736,True,3.59207153320313,True,3.69526672363281
382,384.6402248,True,-49.0942687988281,-32.8387298583984,586.503784179688,True,10.6003551483154,-34.0807151794434,588.790405273438,True,120.104553222656,186.481384277344,44.9938735961914,True,0.717580676078796,0.386074066162109,True,118.018630981445,196.997634887695,48.8215026855469,True,0.713801860809326,0.350031733512878,True,3.60414123535156,True,3.7061767578125
383,384.641891466667,True,-49.0967864990234,-32.8585014343262,586.403869628906,True,10.582911491394,-34.1055488586426,588.90966796875,True,118.834457397461,182.720748901367,43.6251525878906,True,0.715279817581177,0.39896285533905,True,115.066841125488,197.374542236328,48.9586563110352,True,0.708454430103302,0.348739951848984,True,3.60740661621094,True,3.70721435546875
384,384.643558133333,True,-49.0805702209473,-32.8967590332031,586.079040527344,True,10.5452461242676,-34.1248931884766,588.881469726563,True,114.929229736328,174.30778503418,40.5630416870117,True,0.708205103874207,0.427796691656113,True,114.96630859375,192.984710693359,47.3609237670898,True,0.708272337913513,0.363785177469254,True,3.62718200683594,True,3.70964050292969
385,384.6452248,True,-49.0642623901367,-32.8914680480957,585.78955078125,True,10.5173454284668,-34.1505088806152,588.860412597656,True,109.135887145996,171.564392089844,39.5645408630371,True,0.697709918022156,0.437199175357819,True,112.27326965332,188.516799926758,45.7347106933594,True,0.703393578529358,0.379098117351532,True,3.61912536621094,True,3.71745300292969
386,384.646891466667,True,-49.0808753967285,-32.9030265808105,585.732482910156,True,10.4830112457275,-34.1710090637207,588.874145507813,True,104.476272583008,167.135528564453,37.9525756835938,True,0.68926864862442,0.452378183603287,True,110.506629943848,182.303161621094,43.4731101989746,True,0.700193166732788,0.400394111871719,True,3.59355163574219,True,3.72866821289063
387,384.648558133333,True,-49.0857963562012,-32.9159965515137,585.500305175781,True,10.4673004150391,-34.1967658996582,588.860412597656,True,100.804946899414,162.379531860352,36.2215423583984,True,0.682617723941803,0.46867847442627,True,106.883743286133,181.142440795898,43.0506477355957,True,0.69362998008728,0.404372304677963,True,3.59774780273438,True,3.73056030273438
388,384.6502248,True,-49.1008644104004,-32.9686088562012,585.578491210938,True,10.4396123886108,-34.2199401855469,588.836853027344,True,99.6912994384766,163.343353271484,36.5723190307617,True,0.680600166320801,0.465375125408173,True,103.089515686035,177.106887817383,41.5818061828613,True,0.686756372451782,0.418203353881836,True,3.58108520507813,True,3.72119140625
389,384.651891466667,True,-49.118709564209,-33.0045051574707,585.615844726563,True,10.4075803756714,-34.2558364868164,588.874633789063,True,96.4763031005859,163.201522827148,36.5207138061523,True,0.674775898456573,0.465861260890961,True,103.608749389648,174.596801757813,40.6682357788086,True,0.687697052955627,0.42680612206459,True,3.57135009765625,True,3.72503662109375
390,384.653558133333,True,-49.1664962768555,-33.0329971313477,585.870361328125,True,10.3843402862549,-34.2643814086914,588.764587402344,True,98.6910095214844,156.006469726563,33.9019165039063,True,0.678788065910339,0.490520864725113,True,93.1622467041016,164.567825317383,37.0179901123047,True,0.668772220611572,0.461178541183472,True,3.58784484863281,True,3.67967224121094
391,384.6552248,True,-49.18603515625,-33.0628471374512,585.920471191406,True,10.3666343688965,-34.2877883911133,588.807006835938,True,98.9633178710938,155.894165039063,33.8610382080078,True,0.6792813539505,0.490905821323395,True,94.9573974609375,159.741668701172,35.2614288330078,True,0.672024250030518,0.477719187736511,True,3.58085632324219,True,3.67852783203125
392,384.656891466667,True,-49.1928939819336,-33.1057395935059,585.881530761719,True,10.3507118225098,-34.3161315917969,588.78759765625,True,97.542594909668,154.186996459961,33.2396774291992,True,0.676707625389099,0.496756792068481,True,91.1353988647461,153.755981445313,33.0827407836914,True,0.665100336074829,0.49823409318924,True,3.58126831054688,True,3.67750549316406
393,384.658558133333,True,-49.1971588134766,-33.1275520324707,585.86767578125,True,10.3349742889404,-34.3350677490234,588.710205078125,True,94.4343566894531,153.138092041016,32.8579139709473,True,0.671076774597168,0.500351667404175,True,88.732421875,152.596221923828,32.6606674194336,True,0.660747170448303,0.502208828926086,True,3.57241821289063,True,3.67832946777344
394,384.6602248,True,-49.203067779541,-33.1474494934082,585.855041503906,True,10.3263502120972,-34.3519821166992,588.668579101563,True,91.7940673828125,147.720855712891,30.8861694335938,True,0.666293621063232,0.51891827583313,True,86.5930328369141,148.653442382813,31.2256469726563,True,0.656871438026428,0.51572185754776,True,3.57612609863281,True,3.67253112792969
395,384.661891466667,True,-49.2021713256836,-33.153881072998,585.795532226563,True,10.3265857696533,-34.3727493286133,588.7919921875,True,91.5094146728516,145.569900512695,30.1032848358154,True,0.665777981281281,0.52629017829895,True,85.8119812011719,147.728668212891,30.8890151977539,True,0.65545654296875,0.518891334533691,True,3.5760498046875,True,3.66664123535156
396,384.663558133333,True,-49.210147857666,-33.1663818359375,585.853271484375,True,10.3355159759521,-34.3826866149902,588.797973632813,True,91.1566619873047,143.206298828125,29.2429866790771,True,0.665138900279999,0.534390985965729,True,82.7695159912109,143.910461425781,29.499324798584,True,0.64994478225708,0.531977593898773,True,3.56533813476563,True,3.65931701660156
397,384.6652248,True,-49.203197479248,-33.1668090820313,585.76171875,True,10.3395872116089,-34.3954696655273,588.802551269531,True,90.3159637451172,140.851867675781,28.386058807373,True,0.663615822792053,0.542460262775421,True,82.1297760009766,138.651733398438,27.5853099822998,True,0.648785829544067,0.550000846385956,True,3.55502319335938,True,3.65858459472656
398,384.666891466667,True,-49.2077369689941,-33.1701698303223,585.763061523438,True,10.3433380126953,-34.3966331481934,588.814697265625,True,91.4624557495117,137.302597045898,27.0942306518555,True,0.665692806243896,0.554624795913696,True,81.9943923950195,139.111694335938,27.7526702880859,True,0.648540616035461,0.548424482345581,True,3.56083679199219,True,3.65426635742188
399,384.668558133333,True,-49.2090454101563,-33.1736640930176,585.765502929688,True,10.3456840515137,-34.3992080688477,588.772338867188,True,90.5309753417969,136.106719970703,26.6590042114258,True,0.664005398750305,0.558723330497742,True,81.4638519287109,136.6552734375,26.8586730957031,True,0.647579491138458,0.556843280792236,True,3.56336975097656,True,3.65205383300781
400,384.6702248,True,-49.2109375,-33.1750869750977,585.781677246094,True,10.3459892272949,-34.4009857177734,588.768493652344,True,89.7702026367188,138.297012329102,27.4562149047852,True,0.662627160549164,0.55121648311615,True,82.0821380615234,135.810729980469,26.5512504577637,True,0.648699522018433,0.559737801551819,True,3.551025390625,True,3.65330505371094
401,384.671891466667,True,-49.215202331543,-33.1720657348633,585.805053710938,True,10.349157333374,-34.4034309387207,588.7724609375,True,91.7833709716797,137.04296875,26.9997138977051,True,0.666274189949036,0.555514574050903,True,82.1346893310547,134.461791992188,26.0602798461914,True,0.648794710636139,0.564361035823822,True,3.5599365234375,True,3.65606689453125
402,384.673558133333,True,-49.2164001464844,-33.1739616394043,585.82080078125,True,10.3539447784424,-34.4085464477539,588.793090820313,True,90.3449783325195,136.771041870117,26.9007682800293,True,0.663668394088745,0.556446552276611,True,81.4631652832031,132.568054199219,25.3710556030273,True,0.647578239440918,0.570851385593414,True,3.56556701660156,True,3.64021301269531
403,384.6752248,True,-49.2193489074707,-33.1745529174805,585.841918945313,True,10.3576011657715,-34.4088973999023,588.801025390625,True,90.6989974975586,137.333526611328,27.1055374145508,True,0.664309740066528,0.554518699645996,True,80.6317138671875,133.390411376953,25.6703338623047,True,0.646071970462799,0.56803297996521,True,3.5567626953125,True,3.65272521972656
404,384.676891466667,True,-49.2197113037109,-33.1733512878418,585.829284667969,True,10.3564205169678,-34.4121971130371,588.8154296875,True,91.0857543945313,136.855545043945,26.9315147399902,True,0.665010452270508,0.556156933307648,True,81.1311492919922,131.963104248047,25.1508197784424,True,0.646976709365845,0.572924792766571,True,3.54660034179688,True,3.65235900878906
405,384.678558133333,True,-49.2194061279297,-33.1751022338867,585.828125,True,10.3601188659668,-34.4157028198242,588.834106445313,True,90.1765289306641,135.460891723633,26.423900604248,True,0.663363337516785,0.560936808586121,True,81.6488952636719,131.182586669922,24.8667335510254,True,0.64791464805603,0.575599908828735,True,3.54039001464844,True,3.64645385742188
406,384.6802248,True,-49.2143173217773,-33.1751327514648,585.796508789063,True,10.3639011383057,-34.4164924621582,588.806030273438,True,90.5224151611328,137.35237121582,27.1123695373535,True,0.663989901542664,0.554454147815704,True,81.8397674560547,131.055145263672,24.8204078674316,True,0.648260474205017,0.57603657245636,True,3.54771423339844,True,3.64945983886719
407,384.681891466667,True,-49.2142791748047,-33.1745071411133,585.799560546875,True,10.3640918731689,-34.4150238037109,588.793579101563,True,89.602897644043,136.715377807617,26.8804969787598,True,0.662324070930481,0.556637346744537,True,82.4734191894531,130.942718505859,24.779468536377,True,0.649408340454102,0.576421976089478,True,3.54315185546875,True,3.64175415039063
408,384.683558133333,True,-49.2169036865234,-33.1721343994141,585.810913085938,True,10.3689956665039,-34.417781829834,588.79736328125,True,89.897575378418,135.578765869141,26.466854095459,True,0.662857949733734,0.560532808303833,True,82.0302505493164,130.314788818359,24.5508880615234,True,0.648605585098267,0.578574120998383,True,3.54225158691406,True,3.64225769042969
409,384.6852248,True,-49.2149887084961,-33.1759414672852,585.803344726563,True,10.3667182922363,-34.4125061035156,588.775512695313,True,91.5356903076172,136.500762939453,26.8024024963379,True,0.665825486183167,0.557372868061066,True,83.2591323852539,132.826156616211,25.4649429321289,True,0.650831818580627,0.569966912269592,True,3.54412841796875,True,3.64239501953125
410,384.686891466667,True,-49.2120819091797,-33.1733360290527,585.78271484375,True,10.3688831329346,-34.4144515991211,588.78662109375,True,91.376220703125,135.938537597656,26.597827911377,True,0.665536642074585,0.55929970741272,True,83.2706298828125,131.364990234375,24.93310546875,True,0.650852620601654,0.574974715709686,True,3.55715942382813,True,3.64581298828125
411,384.688558133333,True,-49.2122039794922,-33.1728668212891,585.815124511719,True,10.3724803924561,-34.4140243530273,588.8095703125,True,92.5313568115234,136.436767578125,26.7791442871094,True,0.667629241943359,0.557592213153839,True,82.2432022094727,131.15592956543,24.857048034668,True,0.648991346359253,0.575691223144531,True,3.53474426269531,True,3.64466857910156
412,384.6902248,True,-49.2094268798828,-33.1745529174805,585.800537109375,True,10.3712205886841,-34.4126396179199,588.771240234375,True,91.7642822265625,138.756820678711,27.6235046386719,True,0.666239678859711,0.549640715122223,True,83.5270080566406,131.838363647461,25.1054382324219,True,0.651317059993744,0.5733522772789,True,3.53250122070313,True,3.6319580078125
413,384.691891466667,True,-49.2098236083984,-33.1720504760742,585.804809570313,True,10.3760528564453,-34.4167175292969,588.802490234375,True,93.3713531494141,139.817565917969,28.0096054077148,True,0.669151067733765,0.546005189418793,True,82.7249450683594,131.581085205078,25.0118312835693,True,0.649864017963409,0.574234008789063,True,3.54986572265625,True,3.63749694824219
414,384.693558133333,True,-49.2095718383789,-33.1743316650391,585.790405273438,True,10.3786201477051,-34.4171142578125,588.807006835938,True,90.8255310058594,138.044174194336,27.3641719818115,True,0.664539039134979,0.552083134651184,True,83.3704376220703,132.804168701172,25.4569091796875,True,0.651033401489258,0.570042252540588,True,3.53718566894531,True,3.63694763183594
415,384.6952248,True,-49.2075119018555,-33.1778259277344,585.807006835938,True,10.3799543380737,-34.4145278930664,588.791259765625,True,92.1555480957031,136.423065185547,26.7741508483887,True,0.666948437690735,0.557639062404633,True,83.0661239624023,130.691009521484,24.6878204345703,True,0.650482058525085,0.577284634113312,True,3.54075622558594,True,3.64163208007813
416,384.696891466667,True,-49.2053298950195,-33.1740798950195,585.796752929688,True,10.3813972473145,-34.4184837341309,588.799194335938,True,89.9801635742188,139.467071533203,27.8820743560791,True,0.66300755739212,0.547206401824951,True,83.2872619628906,129.948486328125,24.4175682067871,True,0.65088278055191,0.579829514026642,True,3.53164672851563,True,3.637939453125
417,384.698558133333,True,-49.2096328735352,-33.1770668029785,585.841369628906,True,10.386082649231,-34.4181251525879,588.797729492188,True,92.355827331543,137.595397949219,27.2008399963379,True,0.667311310768127,0.553621172904968,True,82.1919860839844,130.84375,24.7434349060059,True,0.648898482322693,0.57676112651825,True,3.55242919921875,True,3.64808654785156
418,384.7002248,True,-49.2056541442871,-33.1750640869141,585.827941894531,True,10.3867530822754,-34.4182205200195,588.810241699219,True,93.0391998291016,139.516326904297,27.8999786376953,True,0.668549299240112,0.547037541866302,True,83.9568862915039,131.853927612305,25.1110763549805,True,0.652095794677734,0.573298990726471,True,3.54191589355469,True,3.64857482910156
419,384.701891466667,True,-49.203052520752,-33.1759490966797,585.791015625,True,10.3891725540161,-34.4199981689453,588.8095703125,True,92.0767059326172,139.384078979492,27.8518180847168,True,0.666805624961853,0.547490835189819,True,82.9058074951172,131.945281982422,25.1443576812744,True,0.65019166469574,0.572985887527466,True,3.54046630859375,True,3.64874267578125
420,384.703558133333,True,-49.201416015625,-33.1754989624023,585.774169921875,True,10.3896636962891,-34.4219932556152,588.801879882813,True,92.9995574951172,137.90022277832,27.3117523193359,True,0.668477475643158,0.552576541900635,True,84.7061157226563,133.68083190918,25.7760314941406,True,0.65345311164856,0.567037582397461,True,3.54133605957031,True,3.63763427734375
421,384.7052248,True,-49.2003326416016,-33.1791687011719,585.815551757813,True,10.3923454284668,-34.4194564819336,588.807250976563,True,92.5072021484375,140.038330078125,28.0899543762207,True,0.667585551738739,0.545248508453369,True,84.7581329345703,134.943832397461,26.235746383667,True,0.653547346591949,0.562708914279938,True,3.55265808105469,True,3.64288330078125
422,384.706891466667,True,-49.2033615112305,-33.1797561645508,585.831115722656,True,10.3930740356445,-34.420467376709,588.808471679688,True,93.2124938964844,139.796600341797,28.0019721984863,True,0.6688631772995,0.546077072620392,True,84.4613800048828,133.181625366211,25.5943565368652,True,0.65300977230072,0.568748474121094,True,3.54154968261719,True,3.62664794921875
423,384.708558133333,True,-49.1988983154297,-33.1760520935059,585.797607421875,True,10.3947858810425,-34.4216957092285,588.808715820313,True,93.0754699707031,137.99479675293,27.3461570739746,True,0.668614983558655,0.552252411842346,True,85.7329254150391,132.091690063477,25.1976089477539,True,0.65531325340271,0.572484135627747,True,3.54562377929688,True,3.63345336914063
424,384.7102248,True,-49.1984748840332,-33.1794738769531,585.81396484375,True,10.3975696563721,-34.4238319396973,588.816284179688,True,93.3726043701172,139.645690917969,27.9470901489258,True,0.669153273105621,0.546594202518463,True,85.230827331543,133.113128662109,25.5694122314453,True,0.654403686523438,0.568983316421509,True,3.53756713867188,True,3.6434326171875
425,384.711891466667,True,-49.1947174072266,-33.1779518127441,585.794738769531,True,10.3989267349243,-34.423038482666,588.815490722656,True,94.6447601318359,138.752029418945,27.6217880249023,True,0.671457946300507,0.549657106399536,True,84.1427001953125,132.942764282227,25.5073928833008,True,0.652432441711426,0.569567203521729,True,3.54119873046875,True,3.63973999023438
426,384.713558133333,True,-49.1940612792969,-33.1799201965332,585.816833496094,True,10.4024124145508,-34.4230651855469,588.857299804688,True,92.1780319213867,138.669738769531,27.5918426513672,True,0.666989207267761,0.549939155578613,True,83.6884155273438,134.08642578125,25.9236526489258,True,0.651609420776367,0.565647602081299,True,3.535400390625,True,3.63594055175781
427,384.7152248,True,-49.1921348571777,-33.1774063110352,585.818481445313,True,10.4025058746338,-34.4227752685547,588.824462890625,True,92.1166381835938,141.008758544922,28.4431686401367,True,0.666877925395966,0.541922688484192,True,86.3390274047852,133.836853027344,25.8328094482422,True,0.656411290168762,0.566502928733826,True,3.53358459472656,True,3.64268493652344
428,384.716891466667,True,-49.1918258666992,-33.1799392700195,585.818603515625,True,10.4055519104004,-34.4241256713867,588.844482421875,True,93.8780975341797,139.700836181641,27.9671287536621,True,0.670068979263306,0.546405255794525,True,84.0000915527344,132.828979492188,25.4659824371338,True,0.652174115180969,0.569957196712494,True,3.53855895996094,True,3.62557983398438
429,384.718558133333,True,-49.1941375732422,-33.1805725097656,585.854125976563,True,10.4063425064087,-34.4262733459473,588.813720703125,True,92.07568359375,141.655532836914,28.6785545349121,True,0.666803777217865,0.539705991744995,True,85.0379943847656,133.564834594727,25.7337951660156,True,0.654054284095764,0.567435204982758,True,3.53669738769531,True,3.64222717285156
430,384.7202248,True,-49.1895217895508,-33.1782684326172,585.815979003906,True,10.40793800354,-34.4253959655762,588.825988769531,True,93.2678298950195,142.397918701172,28.9488372802734,True,0.668963491916656,0.537161469459534,True,85.4821014404297,134.952789306641,26.2389526367188,True,0.654858887195587,0.562678337097168,True,3.52635192871094,True,3.63052368164063
431,384.721891466667,True,-49.1900634765625,-33.1822738647461,585.839233398438,True,10.4101133346558,-34.4255332946777,588.834289550781,True,94.2978439331055,138.322006225586,27.4653015136719,True,0.67082941532135,0.551130890846252,True,85.7352142333984,135.08203125,26.2859802246094,True,0.655317425727844,0.562235355377197,True,3.54112243652344,True,3.62930297851563
432,384.723558133333,True,-49.1879005432129,-33.1815910339355,585.820129394531,True,10.4111137390137,-34.4281539916992,588.860473632813,True,93.6035690307617,137.931213378906,27.3230514526367,True,0.6695716381073,0.552470326423645,True,85.0762329101563,132.585601806641,25.3773918151855,True,0.654123604297638,0.570791363716125,True,3.54231262207031,True,3.63182067871094
433,384.7252248,True,-49.1877098083496,-33.1811904907227,585.843139648438,True,10.4149551391602,-34.4265899658203,588.842529296875,True,92.8048782348633,140.121124267578,28.1201019287109,True,0.668124794960022,0.544964790344238,True,84.6843109130859,134.650512695313,26.1289253234863,True,0.653413593769073,0.563714265823364,True,3.53755187988281,True,3.63352966308594
434,384.726891466667,True,-49.1882972717285,-33.1810302734375,585.860229492188,True,10.4185905456543,-34.4263954162598,588.8466796875,True,93.9508361816406,141.160049438477,28.4982566833496,True,0.670200824737549,0.541404068470001,True,84.3768768310547,133.37744140625,25.6656169891357,True,0.652856707572937,0.568077445030212,True,3.53242492675781,True,3.63198852539063
435,384.728558133333,True,-49.1850318908691,-33.1832885742188,585.840942382813,True,10.4184169769287,-34.4331359863281,588.851440429688,True,93.0711059570313,140.265228271484,28.1725521087646,True,0.668607115745544,0.544470846652985,True,85.3406982421875,132.628112792969,25.3928642272949,True,0.654602766036987,0.570645570755005,True,3.52438354492188,True,3.63607788085938
436,384.7302248,True,-49.1853256225586,-33.1823768615723,585.860778808594,True,10.422908782959,-34.4309387207031,588.836669921875,True,94.1123046875,140.520233154297,28.2653923034668,True,0.670493304729462,0.543596863746643,True,85.0797348022461,132.859024047852,25.476921081543,True,0.654129981994629,0.569854259490967,True,3.53846740722656,True,3.62464904785156
437,384.731891466667,True,-49.1830749511719,-33.1820449829102,585.837280273438,True,10.4253044128418,-34.4288673400879,588.867004394531,True,94.5086441040039,140.619689941406,28.3015804290771,True,0.671211361885071,0.543256044387817,True,85.4700012207031,134.502258300781,26.0749931335449,True,0.65483695268631,0.56422233581543,True,3.52867126464844,True,3.63209533691406
438,384.733558133333,True,-49.1841506958008,-33.1812324523926,585.857116699219,True,10.4267597198486,-34.4355163574219,588.868408203125,True,94.6281280517578,140.540252685547,28.272705078125,True,0.671427726745605,0.543528258800507,True,86.7449569702148,135.003082275391,26.2572994232178,True,0.657146692276001,0.562505841255188,True,3.54086303710938,True,3.64277648925781
439,384.7352248,True,-49.1808776855469,-33.1799468994141,585.842712402344,True,10.4299545288086,-34.4311676025391,588.875122070313,True,92.8376083374023,140.56298828125,28.280948638916,True,0.668184101581573,0.543450355529785,True,84.5395126342773,133.310363769531,25.641170501709,True,0.653151273727417,0.568307399749756,True,3.52220153808594,True,3.63198852539063
440,384.736891466667,True,-49.1809768676758,-33.1782684326172,585.843505859375,True,10.4309921264648,-34.436107635498,588.847412109375,True,93.5650024414063,142.010177612305,28.8076667785645,True,0.669501781463623,0.538490414619446,True,83.7684860229492,132.463500976563,25.3329315185547,True,0.65175449848175,0.571209847927094,True,3.52761840820313,True,3.62721252441406
441,384.738558133333,True,-49.1787338256836,-33.1813659667969,585.835266113281,True,10.4319524765015,-34.4350929260254,588.83935546875,True,94.18994140625,139.896179199219,28.0382118225098,True,0.670633912086487,0.545735836029053,True,86.0409698486328,133.96125793457,25.8780975341797,True,0.655871331691742,0.566076517105103,True,3.52972412109375,True,3.63887023925781
442,384.7402248,True,-49.1806335449219,-33.1801605224609,585.873901367188,True,10.4357624053955,-34.4336013793945,588.847778320313,True,93.5615386962891,142.519165039063,28.9929008483887,True,0.669495582580566,0.536746025085449,True,83.2388229370117,132.55322265625,25.3656044006348,True,0.650794982910156,0.570902347564697,True,3.52784729003906,True,3.62623596191406
443,384.741891466667,True,-49.1788177490234,-33.1835746765137,585.8818359375,True,10.4369621276855,-34.4354095458984,588.849609375,True,93.341064453125,142.246978759766,28.8938694000244,True,0.669096112251282,0.537678837776184,True,83.7666015625,133.077972412109,25.5566024780273,True,0.651751041412354,0.569103837013245,True,3.52841186523438,True,3.62184143066406
444,384.743558133333,True,-49.176155090332,-33.1832275390625,585.8466796875,True,10.436653137207,-34.4358062744141,588.831665039063,True,93.7234497070313,139.392333984375,27.8548431396484,True,0.669788897037506,0.547462582588196,True,84.2994537353516,134.042663574219,25.9077682495117,True,0.652716457843781,0.565797448158264,True,3.53192138671875,True,3.63552856445313
445,384.7452248,True,-49.1761703491211,-33.1810111999512,585.879638671875,True,10.4402523040771,-34.4342231750488,588.875366210938,True,94.0490417480469,140.842468261719,28.3826637268066,True,0.670378684997559,0.5424924492836,True,85.276611328125,132.930755615234,25.5030345916748,True,0.654486656188965,0.569608330726624,True,3.53688049316406,True,3.62710571289063
446,384.746891466667,True,-49.1762542724609,-33.1824722290039,585.861694335938,True,10.4428577423096,-34.4299392700195,588.854858398438,True,93.2238006591797,140.378601074219,28.2138214111328,True,0.668883681297302,0.544082283973694,True,85.4720001220703,136.843872070313,26.9272689819336,True,0.654840588569641,0.556196928024292,True,3.52395629882813,True,3.65065002441406
447,384.748558133333,True,-49.1714096069336,-33.1879119873047,585.859008789063,True,10.4424381256104,-34.4350204467773,588.833740234375,True,94.4197998046875,142.320617675781,28.9206237792969,True,0.671050369739532,0.53742653131485,True,85.0957489013672,134.973022460938,26.2463474273682,True,0.654159069061279,0.562608897686005,True,3.5462646484375,True,3.62797546386719
448,384.7502248,True,-49.1711273193359,-33.1871566772461,585.8525390625,True,10.4451265335083,-34.4390182495117,588.843200683594,True,93.1666412353516,140.713088989258,28.3355388641357,True,0.668780088424683,0.542935967445374,True,85.2528991699219,133.700164794922,25.7830810546875,True,0.654443621635437,0.56697142124176,True,3.53123474121094,True,3.62844848632813
449,384.751891466667,True,-49.1709671020508,-33.187557220459,585.862609863281,True,10.4478511810303,-34.4368476867676,588.845336914063,True,94.3531723022461,142.806732177734,29.0976333618164,True,0.670929670333862,0.535760343074799,True,84.2235565185547,132.128067016602,25.2108764648438,True,0.652578890323639,0.572359442710876,True,3.52529907226563,True,3.62188720703125
450,384.753558133333,True,-49.1692581176758,-33.1870918273926,585.846801757813,True,10.4479093551636,-34.4375648498535,588.844848632813,True,94.1964797973633,141.387390136719,28.5809860229492,True,0.670645833015442,0.540624916553497,True,86.2886352539063,134.407791137695,26.0406093597412,True,0.656319975852966,0.56454610824585,True,3.52545166015625,True,3.6282958984375
451,384.7552248,True,-49.1731567382813,-33.1899528503418,585.897094726563,True,10.4509401321411,-34.4377174377441,588.85302734375,True,94.2406234741211,141.216598510742,28.5188407897949,True,0.67072582244873,0.541210293769836,True,83.4750061035156,132.307754516602,25.2762489318848,True,0.651222825050354,0.571743607521057,True,3.53353881835938,True,3.63414001464844
452,384.756891466667,True,-49.1688690185547,-33.1889991760254,585.861694335938,True,10.451301574707,-34.438232421875,588.843017578125,True,92.8922119140625,141.533721923828,28.6342277526855,True,0.668283045291901,0.540123403072357,True,84.5390472412109,132.764953613281,25.442699432373,True,0.65315043926239,0.570176601409912,True,3.54248046875,True,3.62213134765625
453,384.758558133333,True,-49.1674118041992,-33.185733795166,585.848999023438,True,10.4539575576782,-34.4399871826172,588.843811035156,True,94.8140335083008,142.955780029297,29.1518440246582,True,0.671764612197876,0.535249471664429,True,85.1927032470703,133.437728881836,25.6875553131104,True,0.654334545135498,0.567870795726776,True,3.51585388183594,True,3.640380859375
454,384.7602248,True,-49.1689910888672,-33.1885833740234,585.874694824219,True,10.454535484314,-34.4350204467773,588.839965820313,True,93.6294174194336,141.674224853516,28.6854248046875,True,0.669618487358093,0.539641857147217,True,85.4270172119141,134.739761352539,26.1614685058594,True,0.654759168624878,0.563408374786377,True,3.53630065917969,True,3.63262939453125
455,384.761891466667,True,-49.1653137207031,-33.1889915466309,585.851440429688,True,10.45276927948,-34.4398574829102,588.827514648438,True,93.8240966796875,141.899291992188,28.7672901153564,True,0.669971227645874,0.538870453834534,True,86.991455078125,133.252807617188,25.6202392578125,True,0.657593250274658,0.568504571914673,True,3.52230834960938,True,3.64817810058594
456,384.763558133333,True,-49.168098449707,-33.1883926391602,585.87353515625,True,10.455904006958,-34.4374313354492,588.862487792969,True,94.4280853271484,142.42073059082,28.957088470459,True,0.671065449714661,0.537083387374878,True,84.9880218505859,134.827972412109,26.1935367584229,True,0.653963804244995,0.563106060028076,True,3.53111267089844,True,3.63252258300781
457,384.7652248,True,-49.1676330566406,-33.1865005493164,585.888549804688,True,10.4565534591675,-34.4326972961426,588.831848144531,True,92.9978790283203,141.924087524414,28.7763175964355,True,0.668474435806274,0.538785517215729,True,86.4435958862305,138.565841674805,27.5540237426758,True,0.656600654125214,0.550295233726501,True,3.53144836425781,True,3.63517761230469
458,384.766891466667,True,-49.1515007019043,-33.1844940185547,585.736450195313,True,10.4588527679443,-34.4390335083008,588.839111328125,True,93.9412689208984,141.900543212891,28.7677345275879,True,0.670183479785919,0.538866221904755,True,86.1532592773438,135.706390380859,26.5133037567139,True,0.65607476234436,0.560095429420471,True,3.52397155761719,True,3.640380859375
459,384.768558133333,True,-49.1492156982422,-33.184928894043,585.747009277344,True,10.4591789245605,-34.4367637634277,588.831298828125,True,92.1075744628906,142.217559814453,28.8831672668457,True,0.666861653327942,0.537779629230499,True,85.3875732421875,135.553527832031,26.4576416015625,True,0.654687643051147,0.560619354248047,True,3.53437805175781,True,3.63677978515625
460,384.7702248,True,-49.149471282959,-33.185417175293,585.726867675781,True,10.461633682251,-34.4385223388672,588.829345703125,True,93.0106353759766,141.12760925293,28.4864234924316,True,0.668497562408447,0.541515231132507,True,86.8566741943359,137.814270019531,27.2805137634277,True,0.657349050045013,0.55287104845047,True,3.530029296875,True,3.640869140625
461,384.771891466667,True,-49.1472358703613,-33.1839904785156,585.7216796875,True,10.463809967041,-34.4391021728516,588.836181640625,True,92.0012054443359,142.482025146484,28.9794330596924,True,0.666668772697449,0.5368732213974,True,85.3729095458984,134.963348388672,26.2428436279297,True,0.654661059379578,0.5626420378685,True,3.52995300292969,True,3.6363525390625
462,384.773558133333,True,-49.1496658325195,-33.1842269897461,585.741455078125,True,10.4627552032471,-34.4389190673828,588.842956542969,True,92.5573577880859,141.625747680664,28.6677474975586,True,0.667676389217377,0.539807975292206,True,86.9741058349609,134.889129638672,26.2158050537109,True,0.657561779022217,0.562896430492401,True,3.53201293945313,True,3.63542175292969
463,384.7752248,True,-49.1464309692383,-33.1840591430664,585.706237792969,True,10.4633741378784,-34.4377708435059,588.84521484375,True,93.778450012207,142.172271728516,28.8665962219238,True,0.669888496398926,0.537935018539429,True,85.3204040527344,133.683135986328,25.7768592834473,True,0.654565930366516,0.567029714584351,True,3.5328369140625,True,3.62974548339844
464,384.776891466667,True,-49.1420516967773,-33.1830444335938,585.66943359375,True,10.465160369873,-34.4421463012695,588.862670898438,True,92.9386901855469,142.355178833008,28.9332332611084,True,0.668367207050323,0.537308096885681,True,86.3938140869141,136.539703369141,26.8165950775146,True,0.656510531902313,0.557239353656769,True,3.51870727539063,True,3.65548706054688
465,384.778558133333,True,-49.1452331542969,-33.1855430603027,585.722778320313,True,10.4651012420654,-34.4395866394043,588.858276367188,True,93.3985290527344,142.20849609375,28.8798370361328,True,0.669200301170349,0.537810683250427,True,86.7278442382813,134.961975097656,26.242374420166,True,0.657115638256073,0.562646687030792,True,3.53489685058594,True,3.64187622070313
466,384.7802248,True,-49.1458854675293,-33.1826019287109,585.72412109375,True,10.4675369262695,-34.4367599487305,588.855529785156,True,93.2575836181641,143.528533935547,29.3603210449219,True,0.668944835662842,0.533286452293396,True,86.6100387573242,136.244110107422,26.7089767456055,True,0.656902194023132,0.558252453804016,True,3.51681518554688,True,3.64320373535156
467,384.781891466667,True,-49.1440353393555,-33.1858367919922,585.734130859375,True,10.4681510925293,-34.4367599487305,588.868896484375,True,91.2316589355469,141.058532714844,28.461296081543,True,0.665274739265442,0.541751980781555,True,84.5867919921875,132.923873901367,25.5005302429199,True,0.653236925601959,0.569631934165955,True,3.52403259277344,True,3.62510681152344
468,384.783558133333,True,-49.1437568664551,-33.184326171875,585.708068847656,True,10.4666709899902,-34.4361381530762,588.857299804688,True,91.6442565917969,142.023223876953,28.8124237060547,True,0.666022181510925,0.538445711135864,True,86.0327606201172,133.184814453125,25.5954818725586,True,0.655856490135193,0.568737626075745,True,3.52816772460938,True,3.62948608398438
469,384.7852248,True,-49.1446151733398,-33.1833839416504,585.708557128906,True,10.470235824585,-34.4364395141602,588.850708007813,True,93.5301666259766,142.314910888672,28.9185733795166,True,0.669438719749451,0.537446022033691,True,85.6681365966797,134.664855957031,26.1342430114746,True,0.655195951461792,0.56366503238678,True,3.514404296875,True,3.63203430175781
470,384.786891466667,True,-49.1468200683594,-33.1838302612305,585.750427246094,True,10.4702205657959,-34.435245513916,588.873596191406,True,91.3073425292969,141.392639160156,28.5828971862793,True,0.665411829948425,0.54060685634613,True,85.8340454101563,134.193695068359,25.9626998901367,True,0.65549647808075,0.565279901027679,True,3.52241516113281,True,3.64009094238281
471,384.788558133333,True,-49.1417083740234,-33.1814231872559,585.70751953125,True,10.469144821167,-34.4343681335449,588.852111816406,True,91.9974060058594,141.759399414063,28.7164077758789,True,0.666661977767944,0.539349913597107,True,87.6504211425781,136.154403686523,26.6763496398926,True,0.65878701210022,0.558559894561768,True,3.53103637695313,True,3.65426635742188
472,384.7902248,True,-49.1449890136719,-33.1836929321289,585.732238769531,True,10.4699440002441,-34.4315185546875,588.821411132813,True,92.0890045166016,140.092864990234,28.1097984313965,True,0.666827917098999,0.545061707496643,True,85.3382263183594,134.367156982422,26.0258045196533,True,0.654598236083984,0.564685463905334,True,3.52984619140625,True,3.62510681152344
473,384.791891466667,True,-49.1417846679688,-33.1810569763184,585.705261230469,True,10.4743003845215,-34.4350433349609,588.848266601563,True,91.5008926391602,142.046478271484,28.8208904266357,True,0.665762543678284,0.538365960121155,True,87.9100341796875,136.21614074707,26.6988296508789,True,0.659257292747498,0.558348298072815,True,3.53544616699219,True,3.64105224609375
474,384.793558133333,True,-49.1422233581543,-33.1787223815918,585.705200195313,True,10.473503112793,-34.4282760620117,588.868469238281,True,91.9236450195313,142.200042724609,28.8767700195313,True,0.666528344154358,0.537839770317078,True,85.5682067871094,136.048416137695,26.637767791748,True,0.655014872550964,0.558923184871674,True,3.51954650878906,True,3.63459777832031
475,384.7952248,True,-49.1418762207031,-33.1771621704102,585.71044921875,True,10.4748630523682,-34.431568145752,588.859375,True,91.4177093505859,144.134750366211,29.5809593200684,True,0.665611863136292,0.531208872795105,True,85.4214782714844,135.555633544922,26.4584159851074,True,0.654749035835266,0.560612082481384,True,3.52548217773438,True,3.63351440429688
476,384.796891466667,True,-49.1420669555664,-33.1794967651367,585.712036132813,True,10.4755935668945,-34.4295501708984,588.888793945313,True,92.0302581787109,142.454345703125,28.9693984985352,True,0.666721522808075,0.536968052387238,True,88.1036834716797,137.735504150391,27.2518157958984,True,0.659608125686646,0.553140997886658,True,3.52030944824219,True,3.64811706542969
477,384.798558133333,True,-49.1403884887695,-33.1766586303711,585.73046875,True,10.4753551483154,-34.4317321777344,588.875732421875,True,92.0598297119141,143.511901855469,29.3542728424072,True,0.666775107383728,0.533343553543091,True,86.9572448730469,135.134918212891,26.3052997589111,True,0.657531261444092,0.562053978443146,True,3.52972412109375,True,3.633544921875
478,384.8002248,True,-49.1427688598633,-33.1788902282715,585.725280761719,True,10.4770355224609,-34.4338760375977,588.875061035156,True,92.9281463623047,141.369720458984,28.5745449066162,True,0.668348073959351,0.540685474872589,True,87.5886001586914,135.113891601563,26.2976188659668,True,0.658674955368042,0.562126159667969,True,3.53179931640625,True,3.65579223632813
479,384.801891466667,True,-49.1394309997559,-33.177734375,585.711303710938,True,10.4776954650879,-34.432258605957,588.891235351563,True,92.1016006469727,143.615234375,29.3918190002441,True,0.666850686073303,0.532989501953125,True,87.7235336303711,136.801315307617,26.9117546081543,True,0.658919453620911,0.556342840194702,True,3.52754211425781,True,3.65202331542969
480,384.803558133333,True,-49.1396636962891,-33.178150177002,585.713500976563,True,10.4784889221191,-34.4277114868164,588.890380859375,True,92.4117889404297,143.693222045898,29.4202461242676,True,0.667412638664246,0.532722115516663,True,85.5233917236328,136.759826660156,26.8967247009277,True,0.65493369102478,0.556484937667847,True,3.52482604980469,True,3.65538024902344
481,384.8052248,True,-49.1539993286133,-33.179931640625,585.824157714844,True,10.4773149490356,-34.4302062988281,588.901672363281,True,94.7142944335938,142.566864013672,29.0102920532227,True,0.671583890914917,0.536582469940186,True,86.4002227783203,135.484802246094,26.4326000213623,True,0.656522154808044,0.560854852199554,True,3.52987670898438,True,3.64720153808594
482,384.806891466667,True,-49.1383514404297,-33.175048828125,585.715454101563,True,10.4795913696289,-34.4310531616211,588.88330078125,True,91.8996124267578,143.048370361328,29.1855163574219,True,0.666484832763672,0.534932255744934,True,85.9231567382813,134.527160644531,26.0840797424316,True,0.655657887458801,0.564136981964111,True,3.52912902832031,True,3.64280700683594
483,384.808558133333,True,-49.1382141113281,-33.1755599975586,585.7109375,True,10.4793500900269,-34.4305076599121,588.900695800781,True,92.6581420898438,142.937301635742,29.1451568603516,True,0.667858958244324,0.535312831401825,True,88.1422958374023,136.080444335938,26.6494445800781,True,0.659678101539612,0.558813333511353,True,3.51947021484375,True,3.64796447753906
484,384.8102248,True,-49.1373138427734,-33.1780700683594,585.715454101563,True,10.4798011779785,-34.4297180175781,588.891845703125,True,91.7244262695313,142.033218383789,28.816011428833,True,0.666167497634888,0.538411557674408,True,87.0242767333984,134.885513305664,26.2145118713379,True,0.657652676105499,0.562908828258514,True,3.52606201171875,True,3.65242004394531
485,384.811891466667,True,-49.153450012207,-33.1777496337891,585.853698730469,True,10.4810409545898,-34.4280242919922,588.911743164063,True,92.3563079833984,143.272155761719,29.2670135498047,True,0.667312145233154,0.534165263175964,True,87.7633209228516,138.089385986328,27.3806591033936,True,0.658991575241089,0.551928162574768,True,3.52261352539063,True,3.66033935546875
486,384.813558133333,True,-49.1532440185547,-33.1792602539063,585.839294433594,True,10.4821968078613,-34.4275512695313,588.909606933594,True,93.5350341796875,144.217514038086,29.6110534667969,True,0.669447541236877,0.530925273895264,True,84.5040130615234,134.777557373047,26.1752395629883,True,0.653086960315704,0.563278794288635,True,3.52615356445313,True,3.63888549804688
487,384.8152248,True,-49.138988494873,-33.1767959594727,585.733276367188,True,10.4832706451416,-34.4320335388184,588.921875,True,90.3727874755859,142.959762573242,29.1533050537109,True,0.663718819618225,0.53523588180542,True,85.3017272949219,136.246505737305,26.7099056243896,True,0.654532194137573,0.558244168758392,True,3.5152587890625,True,3.64779663085938
488,384.816891466667,True,-49.1543846130371,-33.1792030334473,585.839477539063,True,10.4821472167969,-34.4287567138672,588.920776367188,True,93.740966796875,142.140625,28.8551330566406,True,0.669820547103882,0.53804337978363,True,85.5672912597656,135.595275878906,26.4728240966797,True,0.655013203620911,0.560476183891296,True,3.5364990234375,True,3.64065551757813
489,384.818558133333,True,-49.1539306640625,-33.1817169189453,585.861206054688,True,10.4824352264404,-34.4319381713867,588.941284179688,True,93.2879028320313,143.480880737305,29.3429832458496,True,0.668999850749969,0.533449828624725,True,86.6122055053711,135.254699707031,26.3488807678223,True,0.656906247138977,0.561643481254578,True,3.52983093261719,True,3.64714050292969
490,384.8202248,True,-49.1555366516113,-33.1793060302734,585.877197265625,True,10.4815692901611,-34.4303741455078,588.929626464844,True,94.2249603271484,144.02783203125,29.5420379638672,True,0.670697450637817,0.531575322151184,True,86.7580718994141,135.825469970703,26.5566291809082,True,0.657170414924622,0.559687316417694,True,3.52847290039063,True,3.64730834960938
491,384.821891466667,True,-49.1377830505371,-33.1790237426758,585.724670410156,True,10.4832096099854,-34.4271621704102,588.923706054688,True,90.4758605957031,143.704223632813,29.4242668151855,True,0.663905560970306,0.53268438577652,True,85.2787475585938,135.754608154297,26.530818939209,True,0.65449047088623,0.559930205345154,True,3.53506469726563,True,3.64208984375
492,384.823558133333,True,-49.1404495239258,-33.1812782287598,585.752624511719,True,10.4806203842163,-34.4320831298828,588.938171386719,True,92.4538726806641,141.747940063477,28.712230682373,True,0.667488932609558,0.539389133453369,True,88.4917068481445,135.390289306641,26.3982162475586,True,0.660311102867126,0.561178803443909,True,3.53077697753906,True,3.64689636230469
493,384.8252248,True,-49.1395416259766,-33.1809463500977,585.751708984375,True,10.4820156097412,-34.4329986572266,588.931030273438,True,92.0767288208008,144.026733398438,29.5416526794434,True,0.666805684566498,0.531579077243805,True,86.5418319702148,135.714431762695,26.516185760498,True,0.656778693199158,0.560067892074585,True,3.5267333984375,True,3.63676452636719
494,384.826891466667,True,-49.1356735229492,-33.1834754943848,585.739440917969,True,10.4829263687134,-34.4336090087891,588.925537109375,True,91.4583892822266,141.539993286133,28.6365432739258,True,0.665685534477234,0.540101885795593,True,87.4984283447266,138.605102539063,27.5682678222656,True,0.658511638641357,0.550160765647888,True,3.53314208984375,True,3.65869140625
495,384.828558133333,True,-49.1398544311523,-33.1846313476563,585.841491699219,True,10.4819736480713,-34.430290222168,588.936889648438,True,91.93359375,143.585510253906,29.381046295166,True,0.66654634475708,0.533091306686401,True,86.7160263061523,135.878890991211,26.5760498046875,True,0.657094299793243,0.559504270553589,True,3.53080749511719,True,3.64993286132813
496,384.8302248,True,-49.1402359008789,-33.1843414306641,585.842651367188,True,10.4850559234619,-34.4305419921875,588.938232421875,True,90.8332214355469,141.185363769531,28.5074729919434,True,0.664552927017212,0.541317343711853,True,85.1006927490234,135.496032714844,26.4367561340332,True,0.654168009757996,0.560816407203674,True,3.52812194824219,True,3.64651489257813
497,384.831891466667,True,-49.140739440918,-33.1861381530762,585.862426757813,True,10.483494758606,-34.4373359680176,588.936828613281,True,90.9503784179688,142.980316162109,29.1607475280762,True,0.664765238761902,0.53516548871994,True,85.4199371337891,134.747985839844,26.1644554138184,True,0.654746294021606,0.563380122184753,True,3.5233154296875,True,3.64437866210938
498,384.833558133333,True,-49.1408843994141,-33.1888885498047,585.883666992188,True,10.4835548400879,-34.43408203125,588.959411621094,True,90.2556762695313,141.91325378418,28.7723922729492,True,0.663506627082825,0.538822650909424,True,85.884521484375,135.560211181641,26.4600868225098,True,0.655587911605835,0.560596346855164,True,3.53427124023438,True,3.64613342285156
499,384.8352248,True,-49.1384201049805,-33.1859931945801,585.8662109375,True,10.4848880767822,-34.4301071166992,588.943359375,True,89.8064193725586,142.15461730957,28.8602027893066,True,0.662692785263062,0.537995457649231,True,86.0112457275391,137.378387451172,27.1218376159668,True,0.65581750869751,0.554364919662476,True,3.52719116210938,True,3.65341186523438
500,384.836891466667,True,-49.1406440734863,-33.1906051635742,585.895874023438,True,10.4820594787598,-34.4326782226563,588.915283203125,True,91.1943817138672,142.744567871094,29.0749340057373,True,0.665207266807556,0.535973489284515,True,85.9443588256836,134.977325439453,26.2479209899902,True,0.655696272850037,0.562594056129456,True,3.52655029296875,True,3.65055847167969
501,384.838558133333,True,-49.1405715942383,-33.1906585693359,585.940673828125,True,10.4823999404907,-34.4328002929688,588.93701171875,True,89.6640930175781,141.941619873047,28.7826881408691,True,0.662434935569763,0.53872537612915,True,87.6353607177734,135.838317871094,26.5612983703613,True,0.658759772777557,0.559643268585205,True,3.5382080078125,True,3.65306091308594
502,384.8402248,True,-49.1412048339844,-33.1925392150879,585.914306640625,True,10.4821662902832,-34.4364204406738,588.929321289063,True,90.7667236328125,142.486785888672,28.9811420440674,True,0.664432525634766,0.536856889724731,True,86.8046646118164,135.14079284668,26.307445526123,True,0.657254815101624,0.562033891677856,True,3.53053283691406,True,3.66307067871094
503,384.841891466667,True,-49.1388244628906,-33.1902236938477,585.810607910156,True,10.4829349517822,-34.4336471557617,588.94287109375,True,91.2471618652344,141.79670715332,28.7299537658691,True,0.665302872657776,0.539222061634064,True,88.6012573242188,136.967712402344,26.9723663330078,True,0.660509526729584,0.555772542953491,True,3.52915954589844,True,3.6551513671875
504,384.843558133333,True,-49.1369094848633,-33.1896553039551,585.798767089844,True,10.4829387664795,-34.4343032836914,588.942749023438,True,90.2401733398438,141.836044311523,28.744327545166,True,0.663478553295135,0.539087176322937,True,85.5368728637695,134.569030761719,26.0993061065674,True,0.654958128929138,0.563993453979492,True,3.52723693847656,True,3.64996337890625
505,384.8452248,True,-49.1372375488281,-33.1924133300781,585.779541015625,True,10.4809598922729,-34.4374847412109,588.909729003906,True,93.9853363037109,139.800933837891,28.0035972595215,True,0.670263290405273,0.546062171459198,True,87.5516891479492,137.763275146484,27.2619171142578,True,0.658608198165894,0.553045868873596,True,3.5286865234375,True,3.658935546875
506,384.846891466667,True,-49.1392517089844,-33.1919097900391,585.81689453125,True,10.4836874008179,-34.4363288879395,588.937255859375,True,92.4729614257813,140.227386474609,28.1588020324707,True,0.667523503303528,0.544600605964661,True,87.8593292236328,136.634170532227,26.8509635925293,True,0.659165441989899,0.556915640830994,True,3.54396057128906,True,3.65397644042969
507,384.848558133333,True,-49.1411819458008,-33.1921157836914,585.855590820313,True,10.4836721420288,-34.4347686767578,588.961242675781,True,92.5077743530273,141.689392089844,28.6909408569336,True,0.6675865650177,0.539589822292328,True,85.412483215332,135.531677246094,26.4496650695801,True,0.654732704162598,0.560694217681885,True,3.54243469238281,True,3.64936828613281
508,384.8502248,True,-49.1399040222168,-33.1933212280273,585.818725585938,True,10.4833927154541,-34.4330139160156,588.9443359375,True,93.0168991088867,140.198181152344,28.1481456756592,True,0.668508887290955,0.544700682163239,True,85.0101470947266,134.95442199707,26.2395782470703,True,0.654003858566284,0.56267261505127,True,3.53877258300781,True,3.64157104492188
509,384.851891466667,True,-49.1376991271973,-33.1943054199219,585.840087890625,True,10.4843616485596,-34.4313812255859,588.932250976563,True,90.904541015625,141.103652954102,28.4777183532715,True,0.664682149887085,0.541597366333008,True,86.7229461669922,138.365768432617,27.4812278747559,True,0.657106757164001,0.550980925559998,True,3.53752136230469,True,3.65989685058594
510,384.853558133333,True,-49.1408004760742,-33.1945114135742,585.876525878906,True,10.4857482910156,-34.4329719543457,588.945434570313,True,92.1439514160156,141.586120605469,28.6533203125,True,0.666927456855774,0.539943754673004,True,87.0762329101563,136.233337402344,26.7050628662109,True,0.6577467918396,0.558289527893066,True,3.53196716308594,True,3.656982421875
511,384.8552248,True,-49.1386985778809,-33.1931381225586,585.87255859375,True,10.4840822219849,-34.435676574707,588.92626953125,True,91.7942733764648,140.677703857422,28.3227386474609,True,0.666293978691101,0.543057084083557,True,85.9314117431641,134.718505859375,26.1537227630615,True,0.655672907829285,0.563481211662292,True,3.53375244140625,True,3.65361022949219
512,384.856891466667,True,-49.1359176635742,-33.1982803344727,585.87109375,True,10.4860687255859,-34.438117980957,588.94970703125,True,91.0298309326172,140.628158569336,28.3046264648438,True,0.66490912437439,0.543227076530457,True,87.5073852539063,135.878067016602,26.5757923126221,True,0.658527851104736,0.559507012367249,True,3.52532958984375,True,3.66816711425781
513,384.858558133333,True,-49.1382904052734,-33.1971893310547,585.876403808594,True,10.4866094589233,-34.4362602233887,588.958129882813,True,91.7036743164063,139.986557006836,28.0711402893066,True,0.66612982749939,0.545425951480865,True,86.2562942504883,134.767913818359,26.1716976165771,True,0.656261444091797,0.56331193447113,True,3.53756713867188,True,3.65840148925781
514,384.8602248,True,-49.1363639831543,-33.198486328125,585.880737304688,True,10.4887504577637,-34.4353370666504,588.941528320313,True,93.0995941162109,140.82453918457,28.3761596679688,True,0.66865873336792,0.542553901672363,True,86.0615997314453,135.74299621582,26.5266056060791,True,0.655908703804016,0.559970021247864,True,3.541748046875,True,3.65071105957031
515,384.861891466667,True,-49.1387672424316,-33.1974105834961,585.894287109375,True,10.4863748550415,-34.4388847351074,588.9453125,True,92.6177062988281,141.543792724609,28.6379508972168,True,0.667785704135895,0.540088832378387,True,88.4839477539063,137.459854125977,27.1515007019043,True,0.660297036170959,0.554085731506348,True,3.53790283203125,True,3.67300415039063
516,384.863558133333,True,-49.1375198364258,-33.1986694335938,585.898071289063,True,10.4889259338379,-34.4372634887695,588.958374023438,True,93.870979309082,140.094879150391,28.1105613708496,True,0.670056104660034,0.545054733753204,True,86.5107269287109,138.866302490234,27.6633796691895,True,0.6567223072052,0.549265503883362,True,3.53996276855469,True,3.66873168945313
517,384.8652248,True,-49.1344757080078,-33.1991195678711,585.901123046875,True,10.489649772644,-34.437931060791,588.9599609375,True,89.9322128295898,142.213562011719,28.8817367553711,True,0.662920713424683,0.537793338298798,True,85.6814575195313,134.277816772461,25.9933395385742,True,0.655220031738281,0.564991593360901,True,3.53355407714844,True,3.66453552246094
518,384.866891466667,True,-49.137451171875,-33.202709197998,585.935302734375,True,10.4872970581055,-34.4375495910645,588.942321777344,True,92.5968017578125,142.205291748047,28.8786811828613,True,0.667747855186462,0.537821769714355,True,87.0013427734375,135.349609375,26.3833885192871,True,0.657611131668091,0.561318278312683,True,3.53370666503906,True,3.66229248046875
519,384.868558133333,True,-49.1345672607422,-33.2007141113281,585.916809082031,True,10.4892158508301,-34.4408264160156,588.9697265625,True,91.8532028198242,141.538726806641,28.6360626220703,True,0.666400790214539,0.540106177330017,True,89.0361709594727,137.125717163086,27.029878616333,True,0.66129744052887,0.555230975151062,True,3.54420471191406,True,3.67167663574219
520,384.8702248,True,-49.1345520019531,-33.2048492431641,585.942626953125,True,10.4909515380859,-34.4426231384277,588.949462890625,True,90.1316223144531,140.027725219727,28.0861206054688,True,0.663281917572021,0.545284867286682,True,86.9687881469727,136.88996887207,26.9440841674805,True,0.657552123069763,0.556038916110992,True,3.53684997558594,True,3.65965270996094
521,384.871891466667,True,-49.1351737976074,-33.2040100097656,585.929504394531,True,10.4918594360352,-34.4393310546875,588.957275390625,True,92.6357727050781,139.562774658203,27.916934967041,True,0.667818427085876,0.546878337860107,True,85.9823913574219,137.456588745117,27.1502838134766,True,0.655765295028687,0.554096937179565,True,3.53929138183594,True,3.66421508789063
522,384.873558133333,True,-49.1299514770508,-33.2035713195801,585.914184570313,True,10.4934787750244,-34.4416160583496,588.962890625,True,92.5526428222656,141.625762939453,28.6677398681641,True,0.667667865753174,0.539807915687561,True,86.7735900878906,135.883911132813,26.5778770446777,True,0.657198548316956,0.559486985206604,True,3.54429626464844,True,3.66505432128906
523,384.8752248,True,-49.1307144165039,-33.2047157287598,585.952514648438,True,10.4958114624023,-34.4408111572266,588.987182617188,True,90.4744338989258,142.292678833008,28.9105033874512,True,0.663902997970581,0.537522196769714,True,84.2024536132813,134.146636962891,25.9455661773682,True,0.652540683746338,0.565441250801086,True,3.540771484375,True,3.65165710449219
524,384.876891466667,True,-49.1311340332031,-33.2068481445313,585.978332519531,True,10.4941434860229,-34.4432258605957,588.961608886719,True,90.6706695556641,142.257705688477,28.8977451324463,True,0.664258480072021,0.537642121315002,True,86.0312576293945,134.431869506836,26.0493545532227,True,0.655853748321533,0.56446361541748,True,3.53079223632813,True,3.66351318359375
525,384.878558133333,True,-49.1309204101563,-33.2086791992188,585.991394042969,True,10.4961204528809,-34.4438705444336,588.955322265625,True,90.4589233398438,142.095550537109,28.8387413024902,True,0.663874864578247,0.538197875022888,True,87.1471252441406,136.231658935547,26.7044868469238,True,0.657875299453735,0.558295130729675,True,3.53883361816406,True,3.66401672363281
526,384.8802248,True,-49.1308975219727,-33.2068290710449,585.994506835938,True,10.4999761581421,-34.4484634399414,588.988037109375,True,90.7206192016602,140.982727050781,28.4337368011475,True,0.664348959922791,0.542011737823486,True,87.0020446777344,135.654830932617,26.4945030212402,True,0.657612383365631,0.56027215719223,True,3.537353515625,True,3.67771911621094
527,384.881891466667,True,-49.1299667358398,-33.2062721252441,586.035827636719,True,10.4989643096924,-34.4453239440918,588.98828125,True,91.2167053222656,140.825164794922,28.3763732910156,True,0.665247678756714,0.542551815509796,True,88.0835418701172,137.05192565918,27.0030193328857,True,0.659571588039398,0.555483877658844,True,3.53970336914063,True,3.66929626464844
528,384.883558133333,True,-49.1267776489258,-33.2066764831543,586.00537109375,True,10.5000047683716,-34.4421691894531,588.976928710938,True,90.6464309692383,141.701080322266,28.6951141357422,True,0.664214491844177,0.539549827575684,True,86.5464172363281,135.068725585938,26.2811698913574,True,0.656786978244781,0.562280893325806,True,3.53215026855469,True,3.65206909179688
529,384.8852248,True,-49.1252670288086,-33.2087707519531,586.03076171875,True,10.5029525756836,-34.4440612792969,588.98583984375,True,90.8968658447266,142.019866943359,28.8111953735352,True,0.664668321609497,0.538457274436951,True,86.6632690429688,136.812728881836,26.9159164428711,True,0.656998634338379,0.556303739547729,True,3.53668212890625,True,3.66636657714844
530,384.886891466667,True,-49.1261672973633,-33.2104263305664,586.123291015625,True,10.5056924819946,-34.4493064880371,588.996826171875,True,91.0248184204102,141.820465087891,28.7386283874512,True,0.664900064468384,0.539140641689301,True,87.1782684326172,134.992584228516,26.2534828186035,True,0.657931685447693,0.562541842460632,True,3.54594421386719,True,3.66767883300781
531,384.888558133333,True,-49.1232986450195,-33.2121047973633,586.141052246094,True,10.5063810348511,-34.4479598999023,589.015686035156,True,90.3450927734375,142.189682006836,28.8730010986328,True,0.663668632507324,0.537875235080719,True,87.0758361816406,136.124618530273,26.6655120849609,True,0.657746136188507,0.558661997318268,True,3.54170227050781,True,3.67776489257813
532,384.8902248,True,-49.1238975524902,-33.2110939025879,586.161193847656,True,10.5077590942383,-34.4476547241211,589.013061523438,True,88.9855575561523,143.436981201172,29.3269958496094,True,0.661205768585205,0.533600389957428,True,87.6250305175781,137.095886230469,27.0190124511719,True,0.658740997314453,0.555333197116852,True,3.53555297851563,True,3.67286682128906
533,384.891891466667,True,-49.1221542358398,-33.2105941772461,586.168395996094,True,10.5106744766235,-34.4479064941406,588.995361328125,True,90.9539337158203,141.555145263672,28.6420974731445,True,0.664771676063538,0.540049910545349,True,87.7430725097656,134.899658203125,26.2196025848389,True,0.658954858779907,0.562860369682312,True,3.54681396484375,True,3.67045593261719
534,384.893558133333,True,-49.1195449829102,-33.2060279846191,586.144775390625,True,10.5131540298462,-34.4495391845703,589.039733886719,True,89.70263671875,141.961608886719,28.7900009155273,True,0.66250479221344,0.538656830787659,True,87.6982269287109,137.588806152344,27.198413848877,True,0.658873558044434,0.553643822669983,True,3.54608154296875,True,3.691162109375
535,384.8952248,True,-49.1192321777344,-33.2075500488281,586.177856445313,True,10.5165996551514,-34.4477920532227,589.031127929688,True,88.7928848266602,143.505508422852,29.3519382476807,True,0.660856604576111,0.533365488052368,True,84.8978271484375,133.191741943359,25.5980224609375,True,0.653800427913666,0.568713903427124,True,3.54093933105469,True,3.66474914550781
536,384.896891466667,True,-49.1185340881348,-33.2067451477051,586.18212890625,True,10.5210838317871,-34.4477157592773,589.0537109375,True,88.3270568847656,142.539260864258,29.0002708435059,True,0.660012781620026,0.536677062511444,True,84.6719818115234,133.72087097168,25.7906227111816,True,0.653391361236572,0.566900372505188,True,3.54296875,True,3.66773986816406
537,384.898558133333,True,-49.1103286743164,-33.2081756591797,586.147521972656,True,10.5215625762939,-34.4508285522461,589.069458007813,True,88.6497802734375,143.141021728516,29.2192783355713,True,0.660597443580627,0.534614622592926,True,87.5307846069336,138.601959228516,27.5671882629395,True,0.658570289611816,0.550171375274658,True,3.54513549804688,True,3.68342590332031
538,384.9002248,True,-49.1114540100098,-33.211109161377,586.204284667969,True,10.5253276824951,-34.4506378173828,589.080078125,True,88.6881942749023,142.054962158203,28.823974609375,True,0.660667061805725,0.538336932659149,True,84.8886566162109,134.969360351563,26.2450256347656,True,0.653783798217773,0.562621414661407,True,3.54389953613281,True,3.66880798339844
539,384.901891466667,True,-49.1092834472656,-33.2071075439453,586.198608398438,True,10.5276393890381,-34.4484634399414,589.089965820313,True,88.4686126708984,142.823425292969,29.1036853790283,True,0.660269260406494,0.535703182220459,True,84.2286987304688,135.414489746094,26.4070014953613,True,0.652588248252869,0.561095833778381,True,3.54179382324219,True,3.65451049804688
540,384.903558133333,True,-49.1065444946289,-33.2053718566895,586.181518554688,True,10.5294208526611,-34.4491004943848,589.073852539063,True,88.55859375,142.696823120117,29.0575618743896,True,0.66043221950531,0.536137104034424,True,86.9362640380859,136.839096069336,26.9255332946777,True,0.657493233680725,0.556213319301605,True,3.54800415039063,True,3.67633056640625
541,384.9052248,True,-49.1071853637695,-33.2037773132324,586.201416015625,True,10.5328369140625,-34.4512977600098,589.09521484375,True,89.1594314575195,143.016418457031,29.1738967895508,True,0.661520719528198,0.535041749477386,True,86.4918060302734,135.768814086914,26.5359649658203,True,0.656688034534454,0.559881508350372,True,3.539794921875,True,3.67562866210938
542,384.906891466667,True,-49.1017761230469,-33.2039947509766,586.181030273438,True,10.5369930267334,-34.4426689147949,589.085815429688,True,89.1851959228516,141.452789306641,28.6048240661621,True,0.661567389965057,0.540400743484497,True,85.4131469726563,137.411209106445,27.1337738037109,True,0.654733955860138,0.554252505302429,True,3.54193115234375,True,3.66986083984375
543,384.908558133333,True,-49.1021194458008,-33.202995300293,586.210693359375,True,10.5402870178223,-34.448356628418,589.119995117188,True,89.5566101074219,144.508499145508,29.7169799804688,True,0.662240207195282,0.529927968978882,True,85.1248626708984,136.878784179688,26.9399833679199,True,0.654211759567261,0.556077241897583,True,3.54008483886719,True,3.67538452148438
544,384.9102248,True,-49.0976371765137,-33.2018661499023,586.174743652344,True,10.5417652130127,-34.4490013122559,589.121459960938,True,90.7201614379883,141.300979614258,28.5495414733887,True,0.664348125457764,0.540921032428741,True,85.5764007568359,134.725723266602,26.1563301086426,True,0.655029773712158,0.563456535339355,True,3.54049682617188,True,3.6754150390625
545,384.911891466667,True,-49.0979309082031,-33.2023162841797,586.200439453125,True,10.5445404052734,-34.4491081237793,589.142028808594,True,89.7225341796875,143.174285888672,29.2313385009766,True,0.662540793418884,0.534500777721405,True,87.2841262817383,136.911972045898,26.9520606994629,True,0.658123433589935,0.555963516235352,True,3.55648803710938,True,3.68212890625
546,384.913558133333,True,-49.0937194824219,-33.1990242004395,586.182983398438,True,10.5464105606079,-34.4441375732422,589.114807128906,True,89.3706817626953,143.072265625,29.1942615509033,True,0.661903381347656,0.534850239753723,True,86.5151062011719,136.255950927734,26.7133522033691,True,0.6567302942276,0.558211863040924,True,3.55938720703125,True,3.67585754394531
547,384.9152248,True,-49.0887985229492,-33.1998825073242,586.175415039063,True,10.5489749908447,-34.4482192993164,589.143493652344,True,89.1179046630859,142.492645263672,28.9832801818848,True,0.661445498466492,0.536836802959442,True,85.9790496826172,136.794158935547,26.9091911315918,True,0.655759155750275,0.556367337703705,True,3.54310607910156,True,3.68820190429688
548,384.916891466667,True,-49.0924606323242,-33.1969985961914,586.213928222656,True,10.5502233505249,-34.4492645263672,589.160949707031,True,89.8099670410156,144.041229248047,29.5468902587891,True,0.662699282169342,0.531529426574707,True,86.9070739746094,136.241058349609,26.707878112793,True,0.657440364360809,0.558262944221497,True,3.54389953613281,True,3.68644714355469
549,384.918558133333,True,-49.0882186889648,-33.1943473815918,586.196655273438,True,10.553539276123,-34.4428939819336,589.181274414063,True,88.4990844726563,143.100250244141,29.2044410705566,True,0.660324454307556,0.534754395484924,True,86.6230163574219,135.472122192383,26.427978515625,True,0.656925797462463,0.560898303985596,True,3.54620361328125,True,3.68601989746094
550,384.9202248,True,-49.085693359375,-33.1949615478516,586.216003417969,True,10.5558605194092,-34.4434471130371,589.169067382813,True,88.9487838745117,143.271499633789,29.2667846679688,True,0.661139070987701,0.534167468547821,True,86.6747283935547,136.838195800781,26.9252090454102,True,0.65701949596405,0.556216359138489,True,3.55152893066406,True,3.67924499511719
551,384.921891466667,True,-49.0837326049805,-33.1924629211426,586.209350585938,True,10.5576496124268,-34.4444580078125,589.190307617188,True,90.4309310913086,142.906814575195,29.1339950561523,True,0.663824200630188,0.535417377948761,True,85.2197265625,135.295440673828,26.3637371063232,True,0.654383540153503,0.561503827571869,True,3.54843139648438,True,3.681396484375
552,384.923558133333,True,-49.0803451538086,-33.1933670043945,586.195678710938,True,10.5599899291992,-34.4399223327637,589.173461914063,True,90.2016906738281,142.118591308594,28.8471164703369,True,0.663408875465393,0.538118898868561,True,86.3292846679688,135.095550537109,26.2909507751465,True,0.656393647193909,0.562188982963562,True,3.5511474609375,True,3.68096923828125
553,384.9252248,True,-49.0781478881836,-33.1905670166016,586.192260742188,True,10.5623416900635,-34.4416122436523,589.197265625,True,90.1032409667969,142.294509887695,28.9111328125,True,0.66323047876358,0.537515938282013,True,85.4238662719727,135.954711914063,26.6036777496338,True,0.654753386974335,0.559244394302368,True,3.55384826660156,True,3.67648315429688
554,384.926891466667,True,-49.0766830444336,-33.1864967346191,586.199645996094,True,10.5660705566406,-34.4368782043457,589.193115234375,True,89.3012084960938,143.600036621094,29.3863258361816,True,0.66177761554718,0.533041477203369,True,86.2361602783203,135.511703491211,26.4424362182617,True,0.656224846839905,0.560762643814087,True,3.54331970214844,True,3.68536376953125
555,384.928558133333,True,-49.0728607177734,-33.1871032714844,586.208374023438,True,10.5697975158691,-34.4375991821289,589.193359375,True,89.1592102050781,143.960113525391,29.5173683166504,True,0.661520302295685,0.531807422637939,True,85.5846405029297,134.937316894531,26.2333908081055,True,0.655044674873352,0.562731206417084,True,3.54866027832031,True,3.67283630371094
556,384.9302248,True,-49.0729789733887,-33.1831474304199,586.21923828125,True,10.5733776092529,-34.437255859375,589.175415039063,True,91.1902770996094,142.804595947266,29.096809387207,True,0.665199756622314,0.535767734050751,True,86.12744140625,134.422210693359,26.0458908081055,True,0.656027972698212,0.564496695995331,True,3.55406188964844,True,3.67861938476563
557,384.931891466667,True,-49.0710144042969,-33.1833648681641,586.21923828125,True,10.5777206420898,-34.4318313598633,589.193054199219,True,90.0148773193359,143.097122192383,29.2032661437988,True,0.663070440292358,0.534765124320984,True,86.1403427124023,135.446441650391,26.4186592102051,True,0.656051397323608,0.560986340045929,True,3.54484558105469,True,3.6888427734375
558,384.933558133333,True,-49.0677871704102,-33.1812057495117,586.187316894531,True,10.578971862793,-34.4265289306641,589.179382324219,True,90.9507598876953,143.402938842773,29.3145618438721,True,0.66476583480835,0.533716976642609,True,84.2638320922852,134.370803833008,26.0272045135498,True,0.652651906013489,0.564672827720642,True,3.544677734375,True,3.66798400878906
559,384.9352248,True,-49.0679168701172,-33.1803703308105,586.305908203125,True,10.5818767547607,-34.4301910400391,589.18017578125,True,89.9478759765625,143.046813964844,29.1849746704102,True,0.662949085235596,0.534937560558319,True,85.3988189697266,135.291687011719,26.3623046875,True,0.654708027839661,0.561516761779785,True,3.55079650878906,True,3.6719970703125
560,384.936891466667,True,-49.0613250732422,-33.1774024963379,586.183776855469,True,10.5836029052734,-34.4285278320313,589.156982421875,True,91.0485534667969,143.22021484375,29.2480926513672,True,0.664943099021912,0.534343302249908,True,85.1714553833008,133.807312011719,25.8220710754395,True,0.654296159744263,0.566604137420654,True,3.54441833496094,True,3.65798950195313
561,384.938558133333,True,-49.0634918212891,-33.1780891418457,586.237670898438,True,10.5870018005371,-34.4218139648438,589.169067382813,True,90.9516830444336,141.989227294922,28.8000888824463,True,0.664767622947693,0.538562178611755,True,86.3934478759766,138.154144287109,27.4041976928711,True,0.656509876251221,0.551706194877625,True,3.55610656738281,True,3.68080139160156
562,384.9402248,True,-49.0615692138672,-33.1775741577148,586.343017578125,True,10.588493347168,-34.4223251342773,589.157165527344,True,89.6562652587891,142.938095092773,29.1453514099121,True,0.662420809268951,0.535310208797455,True,85.7031555175781,136.006958007813,26.6227073669434,True,0.655259370803833,0.559065222740173,True,3.54884338378906,True,3.67965698242188
563,384.941891466667,True,-49.0606460571289,-33.1760292053223,586.370788574219,True,10.5901184082031,-34.4248275756836,589.16015625,True,88.9161834716797,142.211059570313,28.880765914917,True,0.661080062389374,0.537801921367645,True,86.2991943359375,135.589172363281,26.4706382751465,True,0.656339108943939,0.560497105121613,True,3.55010986328125,True,3.68959045410156
564,384.943558133333,True,-49.0565872192383,-33.1746368408203,586.362182617188,True,10.5911884307861,-34.4192581176758,589.158935546875,True,89.9880676269531,142.630599975586,29.0334625244141,True,0.663021802902222,0.536364078521729,True,85.9586029052734,136.059356689453,26.6417503356934,True,0.655722141265869,0.55888569355011,True,3.56053161621094,True,3.68116760253906
565,384.9452248,True,-49.0544204711914,-33.1719818115234,586.355285644531,True,10.5936012268066,-34.423225402832,589.119384765625,True,89.1090774536133,144.44091796875,29.6923789978027,True,0.661429464817047,0.530159533023834,True,87.5069580078125,136.546142578125,26.8189353942871,True,0.658527135848999,0.557217359542847,True,3.54940795898438,True,3.68782043457031
566,384.946891466667,True,-49.0541687011719,-33.1719665527344,586.38525390625,True,10.5974264144897,-34.4168930053711,589.153564453125,True,90.1915893554688,142.846374511719,29.1120452880859,True,0.663390576839447,0.535624444484711,True,85.047721862793,132.983428955078,25.5222034454346,True,0.654071927070618,0.569427788257599,True,3.55136108398438,True,3.66302490234375
567,384.948558133333,True,-49.0552368164063,-33.1700439453125,586.401306152344,True,10.5985507965088,-34.4190673828125,589.124694824219,True,90.1873474121094,143.018905639648,29.1748428344727,True,0.663382887840271,0.535033226013184,True,85.3309783935547,135.597686767578,26.4736824035645,True,0.654585123062134,0.560468077659607,True,3.5538330078125,True,3.68165588378906
568,384.9502248,True,-49.0492095947266,-33.1693229675293,586.382934570313,True,10.600830078125,-34.4174880981445,589.131225585938,True,90.0066223144531,142.272933959961,28.9032802581787,True,0.66305547952652,0.537589907646179,True,87.0545501708984,136.224853515625,26.7019729614258,True,0.657707512378693,0.558318495750427,True,3.55691528320313,True,3.69320678710938
569,384.951891466667,True,-49.0459823608398,-33.1644668579102,586.376525878906,True,10.6055736541748,-34.4120635986328,589.121765136719,True,89.5417327880859,143.295211791992,29.2753868103027,True,0.662213325500488,0.534086227416992,True,85.6739807128906,135.42138671875,26.4095458984375,True,0.655206501483917,0.56107223033905,True,3.54739379882813,True,3.67860412597656
570,384.953558133333,True,-49.0449142456055,-33.1663627624512,586.389831542969,True,10.6089572906494,-34.412956237793,589.135070800781,True,89.9893035888672,140.096405029297,28.1111488342285,True,0.663024127483368,0.545049428939819,True,85.9826049804688,136.690246582031,26.8714122772217,True,0.655765652656555,0.556723356246948,True,3.55888366699219,True,3.68623352050781
571,384.9552248,True,-49.043212890625,-33.1604995727539,586.400268554688,True,10.6080503463745,-34.4118881225586,589.115966796875,True,90.3304901123047,142.385391235352,28.9442443847656,True,0.663642168045044,0.537204444408417,True,87.369270324707,135.860214233398,26.5692977905273,True,0.658277690410614,0.559568166732788,True,3.553955078125,True,3.68954467773438
572,384.956891466667,True,-49.0407409667969,-33.1581039428711,586.400756835938,True,10.61266040802,-34.405574798584,589.128173828125,True,90.8762741088867,142.684753417969,29.0532398223877,True,0.664630889892578,0.536178410053253,True,86.2050399780273,139.125106811523,27.7575721740723,True,0.656168580055237,0.548378467559814,True,3.55647277832031,True,3.68806457519531
573,384.958558133333,True,-49.0412330627441,-33.1571388244629,586.434814453125,True,10.6153678894043,-34.4027862548828,589.147277832031,True,89.79931640625,144.036499023438,29.5451812744141,True,0.66267991065979,0.531545639038086,True,84.8713226318359,135.201461791992,26.3294887542725,True,0.653752386569977,0.56182599067688,True,3.55230712890625,True,3.66587829589844
574,384.9602248,True,-49.0391387939453,-33.1564826965332,586.434143066406,True,10.6212158203125,-34.4057083129883,589.138916015625,True,90.9115982055664,142.632965087891,29.034351348877,True,0.664694905281067,0.536355972290039,True,84.1037292480469,134.326385498047,26.0110034942627,True,0.652361869812012,0.564825117588043,True,3.55628967285156,True,3.6766357421875
575,384.961891466667,True,-49.0417900085449,-33.1543846130371,586.470703125,True,10.6243724822998,-34.4049072265625,589.112915039063,True,91.4447402954102,143.662536621094,29.4090995788574,True,0.665660738945007,0.532827258110046,True,85.0332946777344,135.029495239258,26.2668991088867,True,0.654045820236206,0.562415361404419,True,3.56632995605469,True,3.68922424316406
576,384.963558133333,True,-49.0308685302734,-33.1515045166016,586.413879394531,True,10.6293745040894,-34.4063949584961,589.105041503906,True,90.2155151367188,143.326995849609,29.2869625091553,True,0.663433909416199,0.533977270126343,True,85.2922668457031,135.773422241211,26.5377082824707,True,0.654515027999878,0.559865593910217,True,3.55828857421875,True,3.67971801757813
577,384.9652248,True,-49.0351905822754,-33.1509704589844,586.470886230469,True,10.6311702728271,-34.4019927978516,589.108276367188,True,91.7015991210938,143.345153808594,29.293529510498,True,0.666126132011414,0.533915162086487,True,84.5419464111328,135.319366455078,26.3724040985107,True,0.65315568447113,0.561421871185303,True,3.55326843261719,True,3.67356872558594
578,384.966891466667,True,-49.0282669067383,-33.1499099731445,586.418273925781,True,10.6357555389404,-34.4013671875,589.1396484375,True,89.9030227661133,142.49250793457,28.9832038879395,True,0.662867784500122,0.536837339401245,True,86.204345703125,138.932312011719,27.6874198913574,True,0.656167328357697,0.549039244651794,True,3.56155395507813,True,3.70065307617188
579,384.968558133333,True,-49.0297088623047,-33.1468772888184,586.4462890625,True,10.6367158889771,-34.4005661010742,589.105041503906,True,90.6115875244141,144.106552124023,29.5706901550293,True,0.664151430130005,0.531305491924286,True,82.8285827636719,132.926910400391,25.5015983581543,True,0.650051772594452,0.569621622562408,True,3.55856323242188,True,3.67266845703125
580,384.9702248,True,-49.0250053405762,-33.1478004455566,586.448059082031,True,10.6397886276245,-34.3997573852539,589.114013671875,True,89.8753890991211,141.46955871582,28.6108779907227,True,0.662817716598511,0.540343344211578,True,85.4916229248047,135.973388671875,26.6104164123535,True,0.654876112937927,0.559180378913879,True,3.55921936035156,True,3.68252563476563
581,384.971891466667,True,-49.0258636474609,-33.1430244445801,586.46533203125,True,10.6404819488525,-34.4015731811523,589.111450195313,True,90.3438873291016,142.456970214844,28.9703140258789,True,0.663666427135468,0.536959111690521,True,85.7425918579102,134.982177734375,26.2496757507324,True,0.655330777168274,0.562577545642853,True,3.56575012207031,True,3.68025207519531
582,384.973558133333,True,-49.0208129882813,-33.1413955688477,586.464050292969,True,10.6441240310669,-34.3949279785156,589.113159179688,True,90.3092651367188,142.755233764648,29.0788974761963,True,0.663603782653809,0.535936832427979,True,84.3813781738281,135.404083251953,26.403247833252,True,0.652864813804626,0.561131477355957,True,3.55972290039063,True,3.68217468261719
583,384.9752248,True,-49.0159149169922,-33.1405181884766,586.433532714844,True,10.6487855911255,-34.397102355957,589.155883789063,True,90.7133941650391,142.536239624023,28.9991149902344,True,0.664335906505585,0.536687433719635,True,84.5915832519531,135.17073059082,26.3183135986328,True,0.653245627880096,0.561931312084198,True,3.56210327148438,True,3.67066955566406
584,384.976891466667,True,-49.0109977722168,-33.1368370056152,586.411376953125,True,10.6528148651123,-34.3960494995117,589.159301757813,True,90.6447601318359,144.55908203125,29.7354011535645,True,0.664211571216583,0.529754519462585,True,85.139892578125,134.310760498047,26.0052852630615,True,0.654238939285278,0.564878702163696,True,3.55192565917969,True,3.67799377441406
585,384.978558133333,True,-48.9978675842285,-33.1290130615234,586.313293457031,True,10.6558618545532,-34.394458770752,589.1796875,True,87.1321868896484,142.534149169922,28.9983978271484,True,0.657848179340363,0.536694586277008,True,86.5033874511719,139.481689453125,27.8873825073242,True,0.65670907497406,0.54715633392334,True,3.5418701171875,True,3.70437622070313
586,384.9802248,True,-48.9982376098633,-33.1286087036133,586.315856933594,True,10.6584339141846,-34.3933219909668,589.188842773438,True,89.3856353759766,141.744766235352,28.7110710144043,True,0.661930441856384,0.539400041103363,True,84.5894927978516,134.990692138672,26.2527751922607,True,0.653241872787476,0.562548279762268,True,3.55844116210938,True,3.68211364746094
587,384.981891466667,True,-48.9964981079102,-33.1257019042969,586.33203125,True,10.6612358093262,-34.3921966552734,589.166870117188,True,88.9826354980469,140.68017578125,28.3235969543457,True,0.661200404167175,0.543048739433289,True,84.5627288818359,135.518936157227,26.4450035095215,True,0.653193354606628,0.56073796749115,True,3.55320739746094,True,3.69223022460938
588,384.983558133333,True,-48.9906806945801,-33.1228218078613,586.343200683594,True,10.6616725921631,-34.3895683288574,589.185913085938,True,87.9126739501953,141.970336914063,28.7931747436523,True,0.65926206111908,0.538627028465271,True,85.1706390380859,137.989440917969,27.3442115783691,True,0.654294610023499,0.552270770072937,True,3.55683898925781,True,3.6966552734375
589,384.9852248,True,-48.9877853393555,-33.1199188232422,586.300109863281,True,10.6641063690186,-34.3922462463379,589.182983398438,True,89.5100708007813,142.906402587891,29.1338596343994,True,0.66215592622757,0.535418808460236,True,85.0200881958008,136.166778564453,26.6808624267578,True,0.654021918773651,0.558517456054688,True,3.55763244628906,True,3.69660949707031
590,384.986891466667,True,-48.9848785400391,-33.1179466247559,586.304138183594,True,10.6677703857422,-34.3868598937988,589.193481445313,True,88.5820617675781,141.566909790039,28.6463356018066,True,0.66047477722168,0.540009558200836,True,84.4011764526367,135.427917480469,26.411922454834,True,0.652900755405426,0.561049818992615,True,3.55343627929688,True,3.68913269042969
591,384.988558133333,True,-48.9821014404297,-33.1169509887695,586.336181640625,True,10.6709108352661,-34.3886756896973,589.194458007813,True,88.4075012207031,141.060638427734,28.4620609283447,True,0.660158514976501,0.541744828224182,True,85.5091934204102,135.557312011719,26.4590225219727,True,0.654907941818237,0.560606360435486,True,3.55476379394531,True,3.69216918945313
592,384.9902248,True,-48.9790649414063,-33.113655090332,586.303771972656,True,10.6722679138184,-34.3859176635742,589.1865234375,True,89.0031127929688,141.732055664063,28.7064228057861,True,0.66123753786087,0.539443671703339,True,84.9616394042969,136.353713989258,26.7489242553711,True,0.65391606092453,0.557876765727997,True,3.55372619628906,True,3.69422912597656
593,384.991891466667,True,-48.9761123657227,-33.1100997924805,586.302673339844,True,10.6740398406982,-34.3852806091309,589.203552246094,True,87.9962387084961,142.039123535156,28.8182029724121,True,0.659413456916809,0.53839111328125,True,85.934814453125,136.410171508789,26.769437789917,True,0.655679047107697,0.557683348655701,True,3.54618835449219,True,3.68881225585938
594,384.993558133333,True,-48.9759483337402,-33.1100311279297,586.312744140625,True,10.6778612136841,-34.3831253051758,589.18115234375,True,88.5043640136719,140.922012329102,28.4116058349609,True,0.66033399105072,0.542219877243042,True,85.2737579345703,136.108795166016,26.6597480773926,True,0.654481530189514,0.558716237545013,True,3.55158996582031,True,3.68984985351563
595,384.9952248,True,-48.9729309082031,-33.1065483093262,586.262573242188,True,10.677604675293,-34.3801040649414,589.172119140625,True,89.7798309326172,141.792297363281,28.7283325195313,True,0.662644624710083,0.539237141609192,True,84.7695159912109,136.618560791016,26.8452777862549,True,0.653567969799042,0.556969165802002,True,3.55018615722656,True,3.68850708007813
596,384.996891466667,True,-48.9705810546875,-33.1050796508789,586.270629882813,True,10.6818914413452,-34.3755836486816,589.183288574219,True,89.416618347168,142.074722290039,28.8311386108398,True,0.661986589431763,0.538269221782684,True,84.1350631713867,135.146484375,26.3095054626465,True,0.652418613433838,0.562014400959015,True,3.55426025390625,True,3.67588806152344
597,384.998558133333,True,-48.9646453857422,-33.1027984619141,586.231628417969,True,10.6819372177124,-34.3757095336914,589.163940429688,True,87.7773513793945,141.398056030273,28.5848846435547,True,0.659016966819763,0.540588319301605,True,85.9982452392578,136.569107055664,26.8273029327393,True,0.655794024467468,0.557138681411743,True,3.56344604492188,True,3.68562316894531
598,385.0002248,True,-48.9653244018555,-33.1008224487305,586.251708984375,True,10.6849803924561,-34.3807907104492,589.174926757813,True,89.1807556152344,140.959197998047,28.4251174926758,True,0.661559343338013,0.542092502117157,True,85.1364822387695,134.074462890625,25.9193096160889,True,0.654232740402222,0.56568855047226,True,3.56034851074219,True,3.69155883789063
599,385.001891466667,True,-48.9639205932617,-33.0990753173828,586.24560546875,True,10.6867599487305,-34.373046875,589.162109375,True,89.1136169433594,142.80696105957,29.0977058410645,True,0.661437749862671,0.535759568214417,True,86.3917617797852,138.740234375,27.6174812316895,True,0.656506836414337,0.549697577953339,True,3.55120849609375,True,3.69931030273438
600,385.003558133333,True,-48.959587097168,-33.0997047424316,586.24365234375,True,10.6884346008301,-34.3737411499023,589.160705566406,True,89.5648345947266,141.212478637695,28.5173187255859,True,0.662255167961121,0.541224360466003,True,86.4812164306641,138.05712890625,27.368896484375,True,0.656668901443481,0.552038669586182,True,3.56291198730469,True,3.70661926269531
601,385.0052248,True,-48.9579582214355,-33.095043182373,586.228820800781,True,10.6934413909912,-34.3736038208008,589.186279296875,True,88.5421295166016,140.727783203125,28.3408946990967,True,0.660402417182922,0.542885601520538,True,83.4090270996094,134.785186767578,26.1779975891113,True,0.651103317737579,0.563252568244934,True,3.55816650390625,True,3.68177795410156
602,385.006891466667,True,-48.9571380615234,-33.0908012390137,586.224548339844,True,10.6948585510254,-34.3748474121094,589.179016113281,True,89.9889526367188,143.10285949707,29.2053489685059,True,0.663023471832275,0.534745454788208,True,86.09033203125,136.393249511719,26.763313293457,True,0.65596079826355,0.557741284370422,True,3.5621337890625,True,3.6962890625
603,385.008558133333,True,-48.9574890136719,-33.0911026000977,586.225341796875,True,10.6966333389282,-34.3701705932617,589.157836914063,True,89.9504928588867,142.941375732422,29.146598815918,True,0.662953853607178,0.535298883914948,True,84.7147979736328,135.719055175781,26.5179061889648,True,0.65346884727478,0.560051918029785,True,3.56991577148438,True,3.68572998046875
604,385.0102248,True,-48.9549026489258,-33.0882720947266,586.223815917969,True,10.6969118118286,-34.3704147338867,589.157165527344,True,88.9163818359375,141.312194824219,28.5536289215088,True,0.661080360412598,0.540882647037506,True,85.6740417480469,137.008758544922,26.9872894287109,True,0.655206561088562,0.555631816387177,True,3.56040954589844,True,3.68391418457031
605,385.011891466667,True,-48.9524154663086,-33.0885314941406,586.225280761719,True,10.7004976272583,-34.3698463439941,589.150024414063,True,90.2027740478516,143.027938842773,29.1781044006348,True,0.663410782814026,0.5350022315979,True,85.2733764648438,135.132247924805,26.3042984008789,True,0.654480755329132,0.562063157558441,True,3.56257629394531,True,3.69244384765625
606,385.013558133333,True,-48.9495162963867,-33.0879135131836,586.207824707031,True,10.6995906829834,-34.3682746887207,589.1181640625,True,90.2053985595703,141.769561767578,28.7201194763184,True,0.663415551185608,0.539315044879913,True,85.4367446899414,134.895614624023,26.2181663513184,True,0.654776692390442,0.5628741979599,True,3.56851196289063,True,3.69097900390625
607,385.0152248,True,-48.9502182006836,-33.0855827331543,586.225891113281,True,10.7044239044189,-34.366340637207,589.162048339844,True,88.9629745483398,141.513458251953,28.6268768310547,True,0.661164879798889,0.540192842483521,True,84.7534027099609,136.186096191406,26.6878623962402,True,0.653538823127747,0.558451294898987,True,3.56376647949219,True,3.68411254882813
608,385.016891466667,True,-48.9458160400391,-33.084602355957,586.213745117188,True,10.7063541412354,-34.3669509887695,589.143188476563,True,89.562126159668,142.706207275391,29.060998916626,True,0.662250220775604,0.536104917526245,True,85.1887054443359,135.949859619141,26.6018829345703,True,0.654327392578125,0.559260964393616,True,3.5634765625,True,3.69319152832031
609,385.018558133333,True,-48.9453201293945,-33.0799522399902,586.202880859375,True,10.7077140808105,-34.3664703369141,589.132446289063,True,89.8219146728516,142.949005126953,29.1493473052979,True,0.662720918655396,0.535272777080536,True,85.564208984375,135.155288696289,26.3126964569092,True,0.655007600784302,0.561984181404114,True,3.57078552246094,True,3.70156860351563
610,385.0202248,True,-48.9449920654297,-33.0825157165527,586.211608886719,True,10.7092361450195,-34.3628540039063,589.124267578125,True,89.2096481323242,142.345306396484,28.9296722412109,True,0.661611676216125,0.537341773509979,True,85.5227966308594,138.163162231445,27.4074668884277,True,0.654932618141174,0.551675319671631,True,3.55519104003906,True,3.70439147949219
611,385.021891466667,True,-48.9408111572266,-33.0775871276855,586.188903808594,True,10.711404800415,-34.3610649108887,589.109252929688,True,90.0449066162109,140.657531738281,28.3153324127197,True,0.663124859333038,0.543126344680786,True,84.659553527832,135.398239135742,26.4011077880859,True,0.653368771076202,0.561151504516602,True,3.55615234375,True,3.69126892089844
612,385.023558133333,True,-48.9398651123047,-33.0775527954102,586.191711425781,True,10.7123422622681,-34.359130859375,589.143676757813,True,90.2647552490234,142.57177734375,29.0120964050293,True,0.663523077964783,0.536565661430359,True,84.3545989990234,136.60285949707,26.8395252227783,True,0.652816295623779,0.557023048400879,True,3.55140686035156,True,3.693359375
613,385.0252248,True,-48.9362564086914,-33.0747909545898,586.178100585938,True,10.7124271392822,-34.3617553710938,589.115356445313,True,89.4185791015625,142.849060058594,29.1129722595215,True,0.661990165710449,0.535615384578705,True,86.1099090576172,135.490631103516,26.4347763061523,True,0.655996203422546,0.56083482503891,True,3.56907653808594,True,3.70573425292969
614,385.026891466667,True,-48.9378890991211,-33.0712394714355,586.198425292969,True,10.7171382904053,-34.3575325012207,589.14794921875,True,90.5299072265625,143.692520141602,29.4199562072754,True,0.664003491401672,0.532724559307098,True,85.5343933105469,136.694244384766,26.8728561401367,True,0.65495365858078,0.556709706783295,True,3.56593322753906,True,3.68997192382813
615,385.028558133333,True,-48.9354858398438,-33.0726127624512,586.181640625,True,10.7178401947021,-34.355770111084,589.123352050781,True,91.7660293579102,141.836380004883,28.7443733215332,True,0.666242837905884,0.539086103439331,True,86.0556182861328,136.114288330078,26.6617164611816,True,0.655897855758667,0.558697462081909,True,3.564208984375,True,3.70132446289063
616,385.0302248,True,-48.9343566894531,-33.0717811584473,586.201049804688,True,10.7216825485229,-34.3576240539551,589.109802246094,True,88.7055511474609,142.348602294922,28.9308319091797,True,0.660698533058167,0.537330567836761,True,84.1129150390625,132.891204833984,25.4886283874512,True,0.652378499507904,0.569743931293488,True,3.56510925292969,True,3.68768310546875
617,385.031891466667,True,-48.9224700927734,-33.0652694702148,586.127868652344,True,10.7228050231934,-34.351806640625,589.075805664063,True,89.2450408935547,143.481414794922,29.3431301116943,True,0.661675810813904,0.533448100090027,True,83.3963012695313,133.50927734375,25.7136154174805,True,0.651080250740051,0.567625522613525,True,3.57196044921875,True,3.67977905273438
618,385.033558133333,True,-48.9197235107422,-33.0686912536621,586.123901367188,True,10.7270832061768,-34.3557357788086,589.101928710938,True,88.9412231445313,141.380233764648,28.5783653259277,True,0.661125421524048,0.540649473667145,True,85.1884307861328,135.295043945313,26.3635787963867,True,0.654326915740967,0.561505198478699,True,3.56300354003906,True,3.69877624511719
619,385.0352248,True,-48.9201431274414,-33.0629959106445,586.109313964844,True,10.7290573120117,-34.3516731262207,589.090637207031,True,89.2496109008789,143.266571044922,29.2649803161621,True,0.661684095859528,0.534184396266937,True,84.4256820678711,135.445861816406,26.4184608459473,True,0.652945041656494,0.560988306999207,True,3.56105041503906,True,3.68978881835938
620,385.036891466667,True,-48.914192199707,-33.0635032653809,586.085144042969,True,10.7318744659424,-34.3519859313965,589.096435546875,True,90.500732421875,141.201568603516,28.513334274292,True,0.663950681686401,0.541261792182922,True,84.5354614257813,134.213531494141,25.9699401855469,True,0.653144001960754,0.565211892127991,True,3.56585693359375,True,3.6856689453125
621,385.038558133333,True,-48.9154243469238,-33.0610427856445,586.209716796875,True,10.7347793579102,-34.3494262695313,589.058349609375,True,88.1638641357422,141.647201538086,28.6755352020264,True,0.65971714258194,0.539734482765198,True,84.0884246826172,135.305541992188,26.3673782348633,True,0.652334094047546,0.561469256877899,True,3.56912231445313,True,3.69773864746094
622,385.0402248,True,-48.9127807617188,-33.0609664916992,586.194396972656,True,10.7345705032349,-34.3457183837891,589.047485351563,True,88.1072082519531,139.985458374023,28.0707626342773,True,0.659614562988281,0.545429706573486,True,84.3830718994141,133.518280029297,25.7168464660645,True,0.652867913246155,0.567594766616821,True,3.56642150878906,True,3.68576049804688
623,385.041891466667,True,-48.9129219055176,-33.0579032897949,586.219848632813,True,10.7397441864014,-34.3474502563477,589.067932128906,True,88.2678680419922,142.88410949707,29.1257934570313,True,0.659905552864075,0.535495162010193,True,85.6286315917969,135.309768676758,26.3689193725586,True,0.655124425888062,0.561454772949219,True,3.56266784667969,True,3.69517517089844
624,385.043558133333,True,-48.9103775024414,-33.0584297180176,586.19921875,True,10.742714881897,-34.3443069458008,589.064819335938,True,88.7233276367188,141.343536376953,28.564998626709,True,0.660730719566345,0.54077535867691,True,84.5403137207031,134.942260742188,26.2351417541504,True,0.653152823448181,0.562714457511902,True,3.56242370605469,True,3.69841003417969
625,385.0452248,True,-48.9093055725098,-33.053150177002,586.2275390625,True,10.7425785064697,-34.3393707275391,589.026794433594,True,89.2364807128906,143.385269165039,29.3081817626953,True,0.661660313606262,0.5337775349617,True,87.6695785522461,140.198883056641,28.1483955383301,True,0.658821702003479,0.544698357582092,True,3.56449890136719,True,3.722900390625
626,385.046891466667,True,-48.9064102172852,-33.0529022216797,586.193298339844,True,10.7464485168457,-34.3451080322266,589.039794921875,True,88.6868515014648,142.292724609375,28.9104862213135,True,0.660664618015289,0.537522077560425,True,84.952278137207,135.337066650391,26.378849029541,True,0.653899073600769,0.561361193656921,True,3.562255859375,True,3.69113159179688
627,385.048558133333,True,-48.9026641845703,-33.0514373779297,586.188903808594,True,10.7521705627441,-34.3500633239746,589.051391601563,True,89.4431610107422,142.18115234375,28.8698883056641,True,0.662034749984741,0.537904500961304,True,87.5620880126953,137.578094482422,27.1944904327393,True,0.658626973628998,0.553680539131165,True,3.57215881347656,True,3.71516418457031
628,385.0502248,True,-48.9013977050781,-33.0493316650391,586.175903320313,True,10.7553491592407,-34.3443870544434,589.081909179688,True,89.1354217529297,141.330932617188,28.5604934692383,True,0.661477267742157,0.540818333625793,True,84.8408584594727,134.630187988281,26.1215515136719,True,0.65369725227356,0.563783884048462,True,3.56712341308594,True,3.69772338867188
629,385.051891466667,True,-48.9006423950195,-33.0468978881836,586.198486328125,True,10.7577781677246,-34.3397827148438,589.0576171875,True,90.0394439697266,142.628082275391,29.0325717926025,True,0.663114964962006,0.536372661590576,True,85.2937469482422,138.968887329102,27.7007236480713,True,0.654517650604248,0.548913836479187,True,3.561767578125,True,3.7177734375
630,385.053558133333,True,-48.8981246948242,-33.0492782592773,586.213134765625,True,10.7610940933228,-34.3427543640137,589.07080078125,True,88.8480072021484,142.201278686523,28.8772201538086,True,0.660956561565399,0.537835478782654,True,84.5457916259766,134.958679199219,26.2411499023438,True,0.653162717819214,0.562657952308655,True,3.57235717773438,True,3.69502258300781
631,385.0552248,True,-48.8927116394043,-33.0487442016602,586.191345214844,True,10.764045715332,-34.3428268432617,589.056213378906,True,89.2204818725586,142.410705566406,28.9534320831299,True,0.661631286144257,0.537117719650269,True,86.2886047363281,137.252563476563,27.0760307312012,True,0.656319975852966,0.55479621887207,True,3.5538330078125,True,3.71925354003906
632,385.056891466667,True,-48.8899765014648,-33.0483474731445,586.210693359375,True,10.7725200653076,-34.3442153930664,589.095642089844,True,89.4332809448242,141.167449951172,28.5009670257568,True,0.662016868591309,0.541378676891327,True,84.2468566894531,135.930541992188,26.5948791503906,True,0.652621150016785,0.559327125549316,True,3.5732421875,True,3.697265625
633,385.058558133333,True,-48.8780822753906,-33.0487327575684,586.166442871094,True,10.7857179641724,-34.3475494384766,589.103210449219,True,88.8427581787109,140.847778320313,28.3845901489258,True,0.66094708442688,0.542474269866943,True,83.3465728759766,134.831146240234,26.1947212219238,True,0.650990128517151,0.563095092773438,True,3.578125,True,3.7059326171875
634,385.0602248,True,-48.8653907775879,-33.0513114929199,586.157775878906,True,10.801233291626,-34.3556327819824,589.081359863281,True,89.1932067871094,143.142822265625,29.2199249267578,True,0.661581873893738,0.534608483314514,True,84.1877670288086,135.369903564453,26.3907928466797,True,0.652514040470123,0.561248660087585,True,3.56834411621094,True,3.71298217773438
635,385.061891466667,True,-48.851203918457,-33.0496025085449,586.131286621094,True,10.8235473632813,-34.3631210327148,589.08544921875,True,90.4920043945313,142.9384765625,29.1455631256104,True,0.663934826850891,0.535308837890625,True,85.7997741699219,137.668487548828,27.2274265289307,True,0.655434370040894,0.553370714187622,True,3.58871459960938,True,3.71186828613281
636,385.063558133333,True,-48.8338088989258,-33.0536499023438,586.138061523438,True,10.8497371673584,-34.3720054626465,589.06005859375,True,91.0002822875977,141.325836181641,28.5585880279541,True,0.664855599403381,0.540835857391357,True,85.2333526611328,135.217407226563,26.3353309631348,True,0.65440821647644,0.561771273612976,True,3.59648132324219,True,3.70698547363281
637,385.0652248,True,-48.8146514892578,-33.0564346313477,586.13525390625,True,10.8768272399902,-34.3815956115723,589.038330078125,True,96.245719909668,141.399200439453,28.5853157043457,True,0.674358129501343,0.540584444999695,True,88.4706039428711,136.513565063477,26.8070487976074,True,0.660272836685181,0.557329058647156,True,3.59030151367188,True,3.71290588378906
638,385.066891466667,True,-48.7992248535156,-33.0576210021973,586.311828613281,True,10.9080429077148,-34.3866577148438,589.044799804688,True,96.8806304931641,140.991180419922,28.4367771148682,True,0.675508379936218,0.541982889175415,True,90.6687316894531,138.774780273438,27.6300735473633,True,0.664255023002625,0.54957914352417,True,3.60116577148438,True,3.7301025390625
639,385.068558133333,True,-48.7561492919922,-33.0571479797363,586.277404785156,True,10.930212020874,-34.394172668457,589.045166015625,True,99.2054672241211,137.999237060547,27.3478221893311,True,0.679720044136047,0.552237153053284,True,94.9328155517578,136.866973876953,26.9357070922852,True,0.671979784965515,0.556117653846741,True,3.60624694824219,True,3.73487854003906
640,385.0702248,True,-48.7181053161621,-33.0529136657715,586.252075195313,True,10.9516582489014,-34.4008903503418,589.035339355469,True,101.809844970703,137.223190307617,27.0653343200684,True,0.684438169002533,0.554896950721741,True,100.923309326172,140.360443115234,28.207202911377,True,0.68283212184906,0.544144570827484,True,3.60334777832031,True,3.74871826171875
641,385.071891466667,True,-48.6748085021973,-33.0479278564453,586.213928222656,True,10.9762315750122,-34.39990234375,588.995178222656,True,103.873733520508,135.993713378906,26.6178665161133,True,0.688177049160004,0.559110581874847,True,103.245834350586,136.921600341797,26.9555816650391,True,0.687039613723755,0.555930495262146,True,3.61520385742188,True,3.73081970214844
642,385.073558133333,True,-48.6337280273438,-33.0528602600098,586.234375,True,11.0075902938843,-34.4082908630371,588.905151367188,True,105.767768859863,137.187255859375,27.0522632598877,True,0.691608309745789,0.555020034313202,True,106.453437805176,138.32633972168,27.4668827056885,True,0.692850470542908,0.551116049289703,True,3.60731506347656,True,3.74371337890625
643,385.0752248,True,-48.5908470153809,-33.0577964782715,586.1259765625,True,11.0393505096436,-34.4105529785156,588.973205566406,True,107.663589477539,139.517333984375,27.9003295898438,True,0.695042788982391,0.54703414440155,True,109.404975891113,140.2705078125,28.174467086792,True,0.698197364807129,0.544452846050262,True,3.61146545410156,True,3.75714111328125
644,385.076891466667,True,-48.534797668457,-33.0734405517578,585.970520019531,True,11.0758104324341,-34.418586730957,589.0224609375,True,111.512817382813,140.010818481445,28.0799579620361,True,0.702015995979309,0.545342803001404,True,109.988273620605,137.555297851563,27.1862258911133,True,0.699254155158997,0.55375862121582,True,3.61521911621094,True,3.74510192871094
645,385.078558133333,True,-48.5029106140137,-33.0686149597168,585.968444824219,True,11.1107130050659,-34.4241600036621,589.101684570313,True,113.885093688965,139.587814331055,27.926025390625,True,0.70631355047226,0.54679262638092,True,112.269149780273,137.748794555664,27.2566757202148,True,0.703386187553406,0.553095459938049,True,3.61598205566406,True,3.74856567382813
646,385.0802248,True,-48.4858627319336,-33.0635070800781,586.130615234375,True,11.1418323516846,-34.4319229125977,589.147216796875,True,116.025833129883,138.633544921875,27.5786685943604,True,0.71019172668457,0.550063133239746,True,115.803695678711,138.88591003418,27.6705379486084,True,0.709789335727692,0.54919821023941,True,3.61163330078125,True,3.74491882324219
647,385.081891466667,True,-48.4759330749512,-33.0667572021484,586.369079589844,True,11.1650018692017,-34.4363632202148,589.164123535156,True,121.592147827148,137.084716796875,27.0149555206299,True,0.720275640487671,0.555371522903442,True,119.346649169922,139.437225341797,27.8711318969727,True,0.71620774269104,0.547308743000031,True,3.62356567382813,True,3.75233459472656
648,385.083558133333,True,-48.4640808105469,-33.0802230834961,586.505981445313,True,11.1860618591309,-34.450439453125,589.193908691406,True,124.143569946289,139.237808227539,27.7985458374023,True,0.724897742271423,0.547992289066315,True,121.81468963623,137.176727294922,27.0483894348145,True,0.720678806304932,0.555056154727936,True,3.62007141113281,True,3.74604797363281
649,385.0852248,True,-48.4567413330078,-33.0883407592773,586.580810546875,True,11.2076482772827,-34.4538955688477,589.227416992188,True,128.935073852539,138.521591186523,27.5379638671875,True,0.733578085899353,0.55044686794281,True,126.041290283203,140.037719726563,28.0897693634033,True,0.728335738182068,0.545250654220581,True,3.6171875,True,3.7509765625
650,385.086891466667,True,-48.4412803649902,-33.0947647094727,586.633911132813,True,11.2215127944946,-34.4608840942383,589.249389648438,True,132.148010253906,139.667221069336,27.9549179077148,True,0.739398598670959,0.546520471572876,True,129.157272338867,137.846130371094,27.2920913696289,True,0.733980596065521,0.552761912345886,True,3.61451721191406,True,3.74772644042969
651,385.088558133333,True,-48.4262390136719,-33.0973968505859,586.611389160156,True,11.2323398590088,-34.4632339477539,589.283630371094,True,136.051742553711,139.003433227539,27.7133407592773,True,0.74647057056427,0.548795402050018,True,131.039138793945,137.472595214844,27.1561317443848,True,0.737389802932739,0.554042041301727,True,3.61378479003906,True,3.74942016601563
652,385.0902248,True,-48.3976249694824,-33.0923690795898,586.544189453125,True,11.2448682785034,-34.4671821594238,589.316284179688,True,135.810241699219,137.831787109375,27.2868576049805,True,0.746033072471619,0.552811026573181,True,134.920120239258,136.580764770508,26.8314876556396,True,0.744420528411865,0.557098686695099,True,3.61735534667969,True,3.74125671386719
653,385.091891466667,True,-48.3862266540527,-33.0990905761719,586.539916992188,True,11.2593441009521,-34.4688491821289,589.284484863281,True,133.947738647461,133.576843261719,25.7381591796875,True,0.742658972740173,0.567394018173218,True,134.654220581055,135.887893676758,26.5793609619141,True,0.743938803672791,0.55947333574295,True,3.62904357910156,True,3.74761962890625
654,385.093558133333,True,-48.3787231445313,-33.0927238464355,586.561706542969,True,11.2677440643311,-34.4715347290039,589.25634765625,True,137.64372253418,134.990600585938,26.2527694702148,True,0.749354541301727,0.562548637390137,True,137.408203125,133.317672729492,25.6438751220703,True,0.748927891254425,0.568282246589661,True,3.61076354980469,True,3.732666015625
655,385.0952248,True,-48.3732643127441,-33.0911293029785,586.568786621094,True,11.277135848999,-34.4702987670898,589.237548828125,True,140.732070922852,135.4580078125,26.4228439331055,True,0.754949450492859,0.560946762561798,True,137.941589355469,133.186187744141,25.5959701538086,True,0.749894201755524,0.568732976913452,True,3.61300659179688,True,3.72843933105469
656,385.096891466667,True,-48.3662261962891,-33.0897674560547,586.549133300781,True,11.2848606109619,-34.4783706665039,589.22021484375,True,140.250900268555,135.592864990234,26.4719066619873,True,0.754077732563019,0.56048458814621,True,137.773864746094,134.328674316406,26.0118026733398,True,0.749590337276459,0.564817368984222,True,3.62637329101563,True,3.74868774414063
657,385.098558133333,True,-48.3630561828613,-33.0897979736328,586.532104492188,True,11.2938060760498,-34.4788284301758,589.227966308594,True,139.510482788086,136.558410644531,26.8233604431152,True,0.752736389636993,0.55717533826828,True,139.341522216797,133.963394165039,25.8788948059082,True,0.752430319786072,0.566069185733795,True,3.62269592285156,True,3.74354553222656
658,385.1002248,True,-48.3631134033203,-33.0931587219238,586.529907226563,True,11.2977151870728,-34.4739761352539,589.234924316406,True,138.612869262695,132.860809326172,25.4775619506836,True,0.751110315322876,0.56984806060791,True,140.059875488281,134.229751586914,25.9758148193359,True,0.753731727600098,0.56515634059906,True,3.64498901367188,True,3.74525451660156
659,385.101891466667,True,-48.3612022399902,-33.0861968994141,586.529052734375,True,11.3007202148438,-34.476490020752,589.244018554688,True,140.143478393555,134.730667114258,26.158130645752,True,0.753883123397827,0.56343948841095,True,139.738082885742,130.968734741211,24.7889137268066,True,0.75314873456955,0.576332807540894,True,3.63859558105469,True,3.72804260253906
660,385.103558133333,True,-48.3609619140625,-33.0925445556641,586.5283203125,True,11.302547454834,-34.4699783325195,589.231689453125,True,139.305938720703,134.354782104492,26.0213394165039,True,0.752365827560425,0.56472772359848,True,140.444671630859,130.571166992188,24.6441879272461,True,0.754428744316101,0.577695369720459,True,3.63833618164063,True,3.73388671875
661,385.1052248,True,-48.3602523803711,-33.087028503418,586.527893066406,True,11.3056468963623,-34.4791259765625,589.231567382813,True,141.050628662109,137.310363769531,27.0971012115479,True,0.755526423454285,0.554598093032837,True,142.240570068359,132.864974975586,25.4790687561035,True,0.757682204246521,0.569833874702454,True,3.63644409179688,True,3.74516296386719
662,385.106891466667,True,-48.3583221435547,-33.0873641967773,586.490295410156,True,11.3102893829346,-34.4775657653809,589.221496582031,True,142.693542480469,136.252197265625,26.7119159698486,True,0.758502781391144,0.55822479724884,True,141.636596679688,134.773483276367,26.1737365722656,True,0.756587982177734,0.563292741775513,True,3.62191772460938,True,3.74795532226563
663,385.108558133333,True,-48.3576431274414,-33.0853042602539,586.510009765625,True,11.3114147186279,-34.4752044677734,589.239624023438,True,141.299880981445,137.165481567383,27.0443267822266,True,0.755978107452393,0.555094659328461,True,142.077575683594,132.401504516602,25.3104152679443,True,0.757386863231659,0.571422278881073,True,3.62423706054688,True,3.74630737304688
664,385.1102248,True,-48.3548011779785,-33.083423614502,586.48828125,True,11.3156337738037,-34.4736137390137,589.23974609375,True,141.074935913086,137.185684204102,27.0516777038574,True,0.755570650100708,0.555025458335876,True,142.366912841797,132.004348754883,25.165885925293,True,0.757911086082458,0.572783410549164,True,3.62721252441406,True,3.74002075195313
665,385.111891466667,True,-48.352180480957,-33.08251953125,586.484191894531,True,11.3179836273193,-34.4751815795898,589.228820800781,True,142.19905090332,136.803039550781,26.9124145507813,True,0.757606983184814,0.55633682012558,True,141.801742553711,134.260375976563,25.9869327545166,True,0.756887197494507,0.565051376819611,True,3.62448120117188,True,3.75386047363281
666,385.113558133333,True,-48.3499450683594,-33.0796203613281,586.467651367188,True,11.3202486038208,-34.4798049926758,589.255004882813,True,141.855163574219,135.299926757813,26.3653717041016,True,0.756983995437622,0.561488449573517,True,142.085403442383,132.000595092773,25.1644668579102,True,0.75740110874176,0.57279634475708,True,3.62649536132813,True,3.74774169921875
667,385.1152248,True,-48.3474273681641,-33.0842742919922,586.471435546875,True,11.3216342926025,-34.4742317199707,589.226928710938,True,142.010498046875,136.463714599609,26.7888793945313,True,0.757265448570251,0.557499825954437,True,141.342224121094,129.994186401367,24.4342079162598,True,0.756054759025574,0.579672813415527,True,3.6329345703125,True,3.73963928222656
668,385.116891466667,True,-48.341552734375,-33.0804138183594,586.436584472656,True,11.3248901367188,-34.4762115478516,589.224914550781,True,142.339981079102,139.970764160156,28.0653610229492,True,0.757862329483032,0.545480132102966,True,141.001129150391,131.734481811523,25.0676231384277,True,0.755436778068542,0.573708355426788,True,3.62631225585938,True,3.74649047851563
669,385.118558133333,True,-48.3402214050293,-33.0807037353516,586.432556152344,True,11.3286380767822,-34.4785385131836,589.248291015625,True,140.324676513672,136.618927001953,26.8454170227051,True,0.754211366176605,0.556967854499817,True,141.544006347656,131.627777099609,25.028772354126,True,0.756420373916626,0.57407408952713,True,3.63076782226563,True,3.7474365234375
670,385.1202248,True,-48.3382530212402,-33.0842208862305,586.426330566406,True,11.3313293457031,-34.4765777587891,589.250854492188,True,141.912216186523,137.182815551758,27.0506477355957,True,0.757087349891663,0.55503523349762,True,141.526412963867,132.809555053711,25.4589157104492,True,0.756388425827026,0.570023775100708,True,3.62467956542969,True,3.74919128417969
671,385.121891466667,True,-48.3372268676758,-33.078800201416,586.424743652344,True,11.3326387405396,-34.4794883728027,589.250061035156,True,142.686004638672,135.095031738281,26.2907257080078,True,0.75848913192749,0.562190771102905,True,141.003692626953,132.074188232422,25.1912441253662,True,0.75544148683548,0.572544157505035,True,3.62117004394531,True,3.74986267089844
672,385.123558133333,True,-48.3319244384766,-33.0822868347168,586.408325195313,True,11.3342838287354,-34.4833068847656,589.234802246094,True,140.788909912109,136.408981323242,26.7689971923828,True,0.755052328109741,0.55768746137619,True,141.269241333008,132.75634765625,25.4395427703857,True,0.755922555923462,0.570206046104431,True,3.63348388671875,True,3.75778198242188
673,385.1252248,True,-48.3312149047852,-33.0826072692871,586.409790039063,True,11.3342113494873,-34.4794082641602,589.257019042969,True,140.300048828125,135.80029296875,26.5474834442139,True,0.754166722297668,0.559773504734039,True,141.455810546875,131.386138916016,24.9408302307129,True,0.756260514259338,0.574902296066284,True,3.63319396972656,True,3.75343322753906
674,385.126891466667,True,-48.3311996459961,-33.0846328735352,586.411071777344,True,11.3377599716187,-34.4816818237305,589.262634277344,True,141.72412109375,135.7509765625,26.5294952392578,True,0.756746530532837,0.559942662715912,True,141.795440673828,134.040542602539,25.9069290161133,True,0.756875813007355,0.565804779529572,True,3.63322448730469,True,3.75068664550781
675,385.128558133333,True,-48.3295059204102,-33.0802574157715,586.388427734375,True,11.3405513763428,-34.4825439453125,589.306579589844,True,142.048843383789,135.703659057617,26.5122566223145,True,0.75733494758606,0.560104846954346,True,141.587829589844,134.601821899414,26.1112747192383,True,0.756499707698822,0.563881099224091,True,3.62837219238281,True,3.75894165039063
676,385.1302248,True,-48.3294715881348,-33.0813331604004,586.401672363281,True,11.3403930664063,-34.4864845275879,589.300537109375,True,141.567779541016,136.076965332031,26.6481170654297,True,0.756463408470154,0.558825373649597,True,141.536056518555,133.358367919922,25.6586856842041,True,0.75640594959259,0.568142771720886,True,3.63381958007813,True,3.75138854980469
677,385.131891466667,True,-48.3277587890625,-33.0791549682617,586.392700195313,True,11.3405094146729,-34.4845352172852,589.265686035156,True,142.384582519531,136.219909667969,26.7001419067383,True,0.757943034172058,0.558335483074188,True,141.361724853516,132.141464233398,25.2157516479492,True,0.756090104579926,0.572313487529755,True,3.62678527832031,True,3.74446105957031
678,385.133558133333,True,-48.325756072998,-33.0794296264648,586.405700683594,True,11.342456817627,-34.4916915893555,589.258911132813,True,139.436706542969,134.805328369141,26.1852989196777,True,0.752602756023407,0.563183665275574,True,141.06623840332,133.991104125977,25.8889846801758,True,0.755554795265198,0.565974235534668,True,3.63624572753906,True,3.75138854980469
679,385.1352248,True,-48.3265266418457,-33.082706451416,586.393737792969,True,11.3443470001221,-34.484790802002,589.292846679688,True,141.545806884766,135.883056640625,26.5775680541992,True,0.756423592567444,0.559489905834198,True,139.746307373047,132.171432495117,25.2266273498535,True,0.753163576126099,0.572210788726807,True,3.64115905761719,True,3.74824523925781
680,385.136891466667,True,-48.3256301879883,-33.0818023681641,586.387268066406,True,11.3429203033447,-34.482364654541,589.24951171875,True,140.315032958984,136.618392944336,26.84521484375,True,0.754193902015686,0.556969702243805,True,141.894897460938,134.67854309082,26.1391563415527,True,0.757055997848511,0.563618183135986,True,3.63311767578125,True,3.76431274414063
681,385.138558133333,True,-48.3248443603516,-33.0841445922852,586.390502929688,True,11.3444213867188,-34.4896621704102,589.280883789063,True,140.853408813477,137.222930908203,27.0652275085449,True,0.755169272422791,0.554897785186768,True,140.76904296875,133.664855957031,25.7702045440674,True,0.755016326904297,0.567092418670654,True,3.63706970214844,True,3.7540283203125
682,385.1402248,True,-48.3241577148438,-33.089168548584,586.366760253906,True,11.3491134643555,-34.492603302002,589.254577636719,True,140.061782836914,136.192687988281,26.6902847290039,True,0.753735065460205,0.558428764343262,True,139.51042175293,134.419006347656,26.0446968078613,True,0.752736330032349,0.564507663249969,True,3.63069152832031,True,3.77061462402344
683,385.141891466667,True,-48.3244018554688,-33.0832748413086,586.369873046875,True,11.3455429077148,-34.4903335571289,589.249755859375,True,140.717590332031,136.659591674805,26.8601913452148,True,0.754923224449158,0.556828498840332,True,140.053863525391,133.029602050781,25.5390586853027,True,0.753720760345459,0.56926953792572,True,3.634765625,True,3.750244140625
684,385.143558133333,True,-48.3251533508301,-33.0861663818359,586.391479492188,True,11.3508777618408,-34.4976196289063,589.274047851563,True,140.016662597656,135.56916809082,26.4633483886719,True,0.753653407096863,0.560565710067749,True,139.570861816406,135.338500976563,26.37939453125,True,0.752845764160156,0.56135630607605,True,3.62525939941406,True,3.75581359863281
685,385.1452248,True,-48.3230323791504,-33.0838317871094,586.365844726563,True,11.3500871658325,-34.4931640625,589.251770019531,True,141.059112548828,137.002197265625,26.9848937988281,True,0.755541861057281,0.555654287338257,True,139.401901245117,134.522583007813,26.082405090332,True,0.75253963470459,0.564152717590332,True,3.63185119628906,True,3.75308227539063
686,385.146891466667,True,-48.3229522705078,-33.0865516662598,586.349060058594,True,11.3511257171631,-34.4967575073242,589.27490234375,True,140.541473388672,137.308074951172,27.096263885498,True,0.75460410118103,0.554605901241302,True,138.729553222656,134.661926269531,26.1331233978271,True,0.751321613788605,0.563675105571747,True,3.63665771484375,True,3.75199890136719
687,385.148558133333,True,-48.3232307434082,-33.0877342224121,586.350280761719,True,11.3523092269897,-34.4983367919922,589.242797851563,True,140.262710571289,136.249526977539,26.7109832763672,True,0.754099130630493,0.558233916759491,True,139.778442382813,135.373168945313,26.3919734954834,True,0.753221869468689,0.561237454414368,True,3.62998962402344,True,3.75559997558594
688,385.1502248,True,-48.3225173950195,-33.0891914367676,586.347106933594,True,11.351806640625,-34.5017127990723,589.239013671875,True,139.768585205078,136.413879394531,26.7707901000977,True,0.753203988075256,0.557670652866364,True,138.835800170898,136.023620605469,26.628734588623,True,0.751514196395874,0.559008181095123,True,3.63137817382813,True,3.76231384277344
689,385.151891466667,True,-48.3260040283203,-33.0901222229004,586.388427734375,True,11.3510761260986,-34.4988975524902,589.245971679688,True,140.668579101563,135.429763793945,26.4125747680664,True,0.754834413528442,0.561043500900269,True,139.872970581055,132.724365234375,25.4278659820557,True,0.753393113613129,0.570315718650818,True,3.63389587402344,True,3.74693298339844
690,385.153558133333,True,-48.3281440734863,-33.0896339416504,586.385986328125,True,11.351676940918,-34.4957695007324,589.239135742188,True,139.651306152344,136.658020019531,26.8596363067627,True,0.752991557121277,0.556833922863007,True,139.044036865234,134.83708190918,26.1968650817871,True,0.751891374588013,0.563074827194214,True,3.63026428222656,True,3.75303649902344
691,385.1552248,True,-48.3260307312012,-33.0914306640625,586.368896484375,True,11.3497676849365,-34.5030288696289,589.202026367188,True,139.072692871094,135.673294067383,26.5012550354004,True,0.751943290233612,0.560208857059479,True,139.698760986328,132.166610717773,25.2248573303223,True,0.753077447414398,0.572227358818054,True,3.64175415039063,True,3.76112365722656
692,385.156891466667,True,-48.3286819458008,-33.0924758911133,586.397888183594,True,11.3523063659668,-34.4990158081055,589.252624511719,True,138.584182739258,134.123153686523,25.9369792938232,True,0.751058340072632,0.565521717071533,True,138.694198608398,134.149658203125,25.9466667175293,True,0.751257598400116,0.565430819988251,True,3.63063049316406,True,3.74925231933594
693,385.158558133333,True,-48.327262878418,-33.0933074951172,586.345031738281,True,11.3503341674805,-34.5040283203125,589.230041503906,True,140.337707519531,133.967315673828,25.8803291320801,True,0.754235029220581,0.566055774688721,True,141.230804443359,135.535675048828,26.4511566162109,True,0.755852937698364,0.560680508613586,True,3.63221740722656,True,3.76322937011719
694,385.1602248,True,-48.3310165405273,-33.093132019043,586.378662109375,True,11.3506679534912,-34.5062026977539,589.228149414063,True,140.244262695313,134.735748291016,26.1600246429443,True,0.754065692424774,0.563422024250031,True,139.068481445313,134.509155273438,26.0774955749512,True,0.751935720443726,0.564198732376099,True,3.63668823242188,True,3.75767517089844
695,385.161891466667,True,-48.330810546875,-33.0966873168945,586.356201171875,True,11.3494100570679,-34.5060539245605,589.229614257813,True,139.501403808594,134.008331298828,25.8952255249023,True,0.75271999835968,0.56591522693634,True,138.691925048828,134.23454284668,25.9775619506836,True,0.751253485679626,0.565139889717102,True,3.63960266113281,True,3.75004577636719
696,385.163558133333,True,-48.3296051025391,-33.0981941223145,586.334777832031,True,11.3473176956177,-34.499828338623,589.204040527344,True,138.695465087891,135.74609375,26.5277671813965,True,0.751259922981262,0.559959292411804,True,138.402618408203,135.643051147461,26.4902114868164,True,0.750729441642761,0.560312509536743,True,3.63973999023438,True,3.75704956054688
697,385.1652248,True,-48.3299789428711,-33.0957946777344,586.335571289063,True,11.3476085662842,-34.5097427368164,589.216674804688,True,138.894393920898,135.357986450195,26.3864593505859,True,0.751620292663574,0.561289489269257,True,141.489593505859,134.827178955078,26.1932945251465,True,0.756321728229523,0.563108682632446,True,3.63175964355469,True,3.76022338867188
698,385.166891466667,True,-48.3350677490234,-33.0984191894531,586.395935058594,True,11.3465890884399,-34.5095901489258,589.233093261719,True,138.885131835938,135.048156738281,26.2736873626709,True,0.751603484153748,0.562351405620575,True,138.199615478516,134.625122070313,26.1197204589844,True,0.750361621379852,0.563801288604736,True,3.63883972167969,True,3.75245666503906
699,385.168558133333,True,-48.3403511047363,-33.1005172729492,586.372436523438,True,11.3454561233521,-34.5089721679688,589.201904296875,True,139.135391235352,134.189529418945,25.9611740112305,True,0.752056896686554,0.565294146537781,True,138.070053100586,134.400482177734,26.0379981994629,True,0.750126898288727,0.564571142196655,True,3.64608764648438,True,3.75270080566406
700,385.1702248,True,-48.3377304077148,-33.0970611572266,586.355102539063,True,11.3423852920532,-34.5133171081543,589.201232910156,True,139.091018676758,134.782241821289,26.1769065856934,True,0.751976490020752,0.563262820243835,True,137.655517578125,133.579391479492,25.7391204833984,True,0.749375939369202,0.567385256290436,True,3.64724731445313,True,3.76103210449219
701,385.171891466667,True,-48.3401527404785,-33.100341796875,586.373229980469,True,11.3422451019287,-34.5152549743652,589.21337890625,True,137.967498779297,134.997467041016,26.2552757263184,True,0.749941110610962,0.562525033950806,True,138.920059204102,135.434509277344,26.4143371582031,True,0.751666784286499,0.561027228832245,True,3.64703369140625,True,3.76382446289063
702,385.173558133333,True,-48.3403701782227,-33.0990447998047,586.335998535156,True,11.3394317626953,-34.5083847045898,589.200561523438,True,138.875549316406,133.18376159668,25.5951271057129,True,0.751586198806763,0.568741202354431,True,137.169464111328,132.953063964844,25.5111312866211,True,0.748495399951935,0.569531917572021,True,3.654541015625,True,3.75015258789063
703,385.1752248,True,-48.3419876098633,-33.1033401489258,586.353759765625,True,11.3385877609253,-34.5106735229492,589.186645507813,True,139.601409912109,135.056640625,26.2767868041992,True,0.752901077270508,0.56232225894928,True,138.682159423828,134.648696899414,26.1282997131348,True,0.751235783100128,0.563720464706421,True,3.64002990722656,True,3.75270080566406
704,385.176891466667,True,-48.3445167541504,-33.1013221740723,586.352416992188,True,11.3378887176514,-34.5133323669434,589.188171386719,True,137.597259521484,134.396240234375,26.0364265441895,True,0.749270439147949,0.564585745334625,True,138.191955566406,133.221664428711,25.6088848114014,True,0.75034773349762,0.56861138343811,True,3.63450622558594,True,3.75688171386719
705,385.178558133333,True,-48.3465576171875,-33.1047744750977,586.354187011719,True,11.3372421264648,-34.5169868469238,589.208435058594,True,137.151641845703,134.847763061523,26.2008171081543,True,0.748463153839111,0.563038229942322,True,139.344863891602,136.254013061523,26.7125625610352,True,0.752436280250549,0.558218598365784,True,3.64042663574219,True,3.76141357421875
706,385.1802248,True,-48.3514022827148,-33.106746673584,586.355163574219,True,11.3378849029541,-34.5186920166016,589.205505371094,True,137.665496826172,133.63606262207,25.7597064971924,True,0.749393999576569,0.567191123962402,True,136.563995361328,135.488845825195,26.43408203125,True,0.747398495674133,0.560841023921967,True,3.64483642578125,True,3.75628662109375
707,385.181891466667,True,-48.3502922058105,-33.1074905395508,586.339050292969,True,11.3345794677734,-34.5195541381836,589.183837890625,True,137.955276489258,137.098342895508,27.0199241638184,True,0.74991899728775,0.555324792861938,True,135.927062988281,133.982803344727,25.8859329223633,True,0.746244728565216,0.566002726554871,True,3.64785766601563,True,3.76567077636719
708,385.183558133333,True,-48.3560943603516,-33.1091918945313,586.348022460938,True,11.3336057662964,-34.5138626098633,589.198486328125,True,138.769622802734,135.273498535156,26.3557243347168,True,0.751394271850586,0.56157910823822,True,137.246795654297,135.477905273438,26.4300956726074,True,0.748635530471802,0.56087851524353,True,3.64643859863281,True,3.77157592773438
709,385.1852248,True,-48.3581924438477,-33.1094055175781,586.368041992188,True,11.3310260772705,-34.5128974914551,589.206604003906,True,136.641311645508,137.401275634766,27.130126953125,True,0.747538685798645,0.554286599159241,True,138.112716674805,135.462020874023,26.4243202209473,True,0.750204205513,0.560932993888855,True,3.63438415527344,True,3.77494812011719
710,385.186891466667,True,-48.3611068725586,-33.1106948852539,586.370178222656,True,11.3304233551025,-34.5138168334961,589.201721191406,True,136.902267456055,134.336608886719,26.0146923065186,True,0.748011350631714,0.56479012966156,True,136.840179443359,135.319412231445,26.3723945617676,True,0.747898817062378,0.561421751976013,True,3.64857482910156,True,3.76713562011719
711,385.188558133333,True,-48.366455078125,-33.1123237609863,586.387817382813,True,11.3265771865845,-34.5143432617188,589.216613769531,True,137.350814819336,135.44059753418,26.4164981842041,True,0.748823940753937,0.561006426811218,True,136.865875244141,133.953765869141,25.8753929138184,True,0.747945427894592,0.566102147102356,True,3.64251708984375,True,3.75883483886719
712,385.1902248,True,-48.3703308105469,-33.1111450195313,586.388061523438,True,11.3264245986938,-34.5194854736328,589.190795898438,True,137.966156005859,135.247116088867,26.3460865020752,True,0.749938726425171,0.561669528484344,True,135.784378051758,134.903457641602,26.2210273742676,True,0.745986223220825,0.562847316265106,True,3.646484375,True,3.76075744628906
713,385.191891466667,True,-48.3730316162109,-33.1126823425293,586.36328125,True,11.3214836120605,-34.5144538879395,589.196411132813,True,137.617446899414,133.020050048828,25.5355186462402,True,0.749306976795197,0.569302320480347,True,136.979187011719,136.2158203125,26.6986846923828,True,0.748150706291199,0.558349430561066,True,3.65074157714844,True,3.75593566894531
714,385.193558133333,True,-48.3746109008789,-33.115364074707,586.347045898438,True,11.3171081542969,-34.5130653381348,589.1689453125,True,138.130859375,133.959350585938,25.8773880004883,True,0.750237107276917,0.566083073616028,True,135.173706054688,134.037261962891,25.90576171875,True,0.744879961013794,0.565816044807434,True,3.65055847167969,True,3.75318908691406
715,385.1952248,True,-48.3762817382813,-33.114387512207,586.330810546875,True,11.3148727416992,-34.5165176391602,589.174072265625,True,137.707275390625,134.71826171875,26.1536407470703,True,0.749469757080078,0.563482046127319,True,135.179306030273,134.892181396484,26.2169189453125,True,0.744890093803406,0.562885999679565,True,3.64939880371094,True,3.74859619140625
716,385.196891466667,True,-48.381649017334,-33.1127662658691,586.328002929688,True,11.3119049072266,-34.506664276123,589.151611328125,True,137.741928100586,133.59928894043,25.7463340759277,True,0.749532461166382,0.567317128181458,True,136.459503173828,135.241134643555,26.3439712524414,True,0.747209310531616,0.561689972877502,True,3.65040588378906,True,3.764404296875
717,385.198558133333,True,-48.3838768005371,-33.1146697998047,586.346801757813,True,11.3101415634155,-34.5163612365723,589.148315429688,True,137.251876831055,134.958633422852,26.2411346435547,True,0.748644709587097,0.562658190727234,True,135.867828369141,134.855270385742,26.2035350799561,True,0.746137380599976,0.563012361526489,True,3.64427185058594,True,3.7666015625
718,385.2002248,True,-48.3882369995117,-33.1295318603516,586.337097167969,True,11.3070487976074,-34.5166015625,589.117614746094,True,133.708801269531,127.832946777344,23.647518157959,True,0.742226123809814,0.587080240249634,True,136.378890991211,137.044860839844,27.0004711151123,True,0.747063219547272,0.555508017539978,True,3.68754577636719,True,3.77998352050781
719,385.201891466667,True,-48.3950805664063,-33.1206207275391,586.374267578125,True,11.3022785186768,-34.5120506286621,589.097534179688,True,137.913116455078,133.335632324219,25.6504440307617,True,0.749842643737793,0.568220615386963,True,135.82649230957,135.035888671875,26.2692680358887,True,0.746062517166138,0.562393367290497,True,3.65809631347656,True,3.76504516601563
720,385.203558133333,True,-48.3917274475098,-33.1160621643066,586.240905761719,True,11.298529624939,-34.5090255737305,589.092712402344,True,138.771347045898,133.25927734375,25.6225852966309,True,0.751397371292114,0.568482398986816,True,137.695205688477,135.875152587891,26.5746955871582,True,0.749447822570801,0.559517025947571,True,3.63986206054688,True,3.77970886230469
721,385.2052248,True,-48.3969421386719,-33.1214752197266,586.336975097656,True,11.2938632965088,-34.5105628967285,589.102172851563,True,137.60920715332,135.529739379883,26.4489593505859,True,0.749292135238647,0.5607008934021,True,135.469299316406,133.080261230469,25.557430267334,True,0.745415389537811,0.569096028804779,True,3.64973449707031,True,3.75791931152344
722,385.206891466667,True,-48.3982009887695,-33.1195487976074,586.243896484375,True,11.2908725738525,-34.5089950561523,589.0634765625,True,138.820709228516,134.376998901367,26.0294036865234,True,0.751486778259277,0.564651668071747,True,135.520553588867,135.606826782227,26.4770240783691,True,0.745508313179016,0.56043666601181,True,3.66310119628906,True,3.76982116699219
723,385.208558133333,True,-48.4050369262695,-33.1169662475586,586.280639648438,True,11.2867240905762,-34.5090751647949,589.061157226563,True,137.604827880859,134.202407836914,25.9658813476563,True,0.749284148216248,0.565249979496002,True,134.929168701172,134.582702636719,26.1042823791504,True,0.744436860084534,0.563946604728699,True,3.65579223632813,True,3.77024841308594
724,385.2102248,True,-48.404354095459,-33.1174392700195,586.207641601563,True,11.2831144332886,-34.5073776245117,589.075073242188,True,139.343734741211,134.713562011719,26.1519050598145,True,0.752434372901917,0.563498139381409,True,134.282791137695,132.077651977539,25.1925010681152,True,0.743265926837921,0.572532296180725,True,3.64646911621094,True,3.75238037109375
725,385.211891466667,True,-48.409294128418,-33.1178016662598,586.290405273438,True,11.2807903289795,-34.5079956054688,589.06982421875,True,138.767929077148,134.735565185547,26.1599063873291,True,0.751391172409058,0.563422739505768,True,135.766204833984,135.628570556641,26.4849967956543,True,0.74595320224762,0.560362100601196,True,3.6600341796875,True,3.77041625976563
726,385.213558133333,True,-48.4160614013672,-33.1201858520508,586.242248535156,True,11.2757167816162,-34.5072402954102,589.04052734375,True,139.634002685547,134.145568847656,25.9452152252197,True,0.752960205078125,0.565444827079773,True,136.848449707031,135.4306640625,26.4128875732422,True,0.747913897037506,0.561040461063385,True,3.66334533691406,True,3.78042602539063
727,385.2152248,True,-48.4192657470703,-33.1214256286621,586.330444335938,True,11.2712802886963,-34.4999389648438,589.049560546875,True,137.181091308594,134.454956054688,26.0577430725098,True,0.748516440391541,0.564384579658508,True,135.246643066406,135.043518066406,26.2720069885254,True,0.745012044906616,0.56236732006073,True,3.66436767578125,True,3.76039123535156
728,385.216891466667,True,-48.4299850463867,-33.1259384155273,586.313110351563,True,11.2688579559326,-34.508171081543,589.073791503906,True,140.049438476563,134.258819580078,25.9864044189453,True,0.753712773323059,0.565056681632996,True,135.700866699219,135.674270629883,26.5015907287598,True,0.745834946632385,0.560205459594727,True,3.66996765136719,True,3.77693176269531
729,385.218558133333,True,-48.4260635375977,-33.1185035705566,586.294189453125,True,11.2638168334961,-34.4989585876465,589.07763671875,True,139.363739013672,134.095199584961,25.926851272583,True,0.752470552921295,0.565617501735687,True,135.793914794922,134.835754394531,26.1964225769043,True,0.74600350856781,0.563079297542572,True,3.66377258300781,True,3.76365661621094
730,385.2202248,True,-48.4334831237793,-33.1221771240234,586.365539550781,True,11.2613220214844,-34.5053482055664,589.07373046875,True,138.568710327148,134.935958862305,26.2328643798828,True,0.751030325889587,0.562735915184021,True,136.799682617188,136.367828369141,26.7540531158447,True,0.747825503349304,0.557828426361084,True,3.657470703125,True,3.78001403808594
731,385.221891466667,True,-48.4354286193848,-33.1214447021484,586.344848632813,True,11.2559413909912,-34.5039520263672,589.096557617188,True,137.447723388672,135.006896972656,26.2586631774902,True,0.7489994764328,0.562492847442627,True,135.589233398438,134.108169555664,25.9316082000732,True,0.745632648468018,0.56557297706604,True,3.66358947753906,True,3.75881958007813
732,385.223558133333,True,-48.4405097961426,-33.1230163574219,586.366455078125,True,11.251594543457,-34.5039024353027,589.08935546875,True,137.106414794922,134.348449707031,26.0189876556396,True,0.748381197452545,0.564749538898468,True,136.293502807617,135.406936645508,26.4042739868164,True,0.74690854549408,0.561121761798859,True,3.654541015625,True,3.77482604980469
733,385.2252248,True,-48.4449005126953,-33.1258850097656,586.404541015625,True,11.2438802719116,-34.4961090087891,589.0927734375,True,136.423553466797,136.374969482422,26.756628036499,True,0.747144103050232,0.557803988456726,True,137.772430419922,132.621490478516,25.3904991149902,True,0.749587774276733,0.570668280124664,True,3.65072631835938,True,3.76280212402344
734,385.226891466667,True,-48.4474258422852,-33.1284294128418,586.386169433594,True,11.2412338256836,-34.4977989196777,589.099975585938,True,138.099700927734,134.933166503906,26.231819152832,True,0.750180661678314,0.562745571136475,True,135.661712646484,134.275054931641,25.9922714233398,True,0.745763957500458,0.56500107049942,True,3.65682983398438,True,3.78065490722656
735,385.228558133333,True,-48.4522476196289,-33.1245880126953,586.383117675781,True,11.2386407852173,-34.4969787597656,589.110412597656,True,136.903289794922,135.725997924805,26.5204010009766,True,0.748013257980347,0.560028254985809,True,135.902679443359,134.396087646484,26.0363521575928,True,0.746200561523438,0.564586222171783,True,3.65139770507813,True,3.77122497558594
736,385.2302248,True,-48.4555511474609,-33.1238288879395,586.3291015625,True,11.2351951599121,-34.5026016235352,589.125366210938,True,137.022994995117,134.743682861328,26.1628875732422,True,0.74823009967804,0.563394904136658,True,136.433288574219,133.225952148438,25.6104698181152,True,0.747161746025085,0.568596661090851,True,3.65013122558594,True,3.76600646972656
737,385.231891466667,True,-48.4594345092773,-33.1259384155273,586.382934570313,True,11.2298192977905,-34.492057800293,589.14111328125,True,138.632598876953,134.478713989258,26.0664176940918,True,0.751146018505096,0.564303040504456,True,136.658264160156,132.739852905273,25.4335823059082,True,0.747569262981415,0.570262610912323,True,3.66163635253906,True,3.75907897949219
738,385.233558133333,True,-48.4625396728516,-33.1277046203613,586.347351074219,True,11.2266368865967,-34.4971351623535,589.154541015625,True,137.608322143555,135.295288085938,26.3636627197266,True,0.749290466308594,0.561504364013672,True,138.352416992188,136.79150390625,26.9082298278809,True,0.750638484954834,0.556376457214355,True,3.662841796875,True,3.79254150390625
739,385.2352248,True,-48.4653053283691,-33.1262474060059,586.350769042969,True,11.2225227355957,-34.4966621398926,589.169250488281,True,136.988861083984,134.402130126953,26.0385875701904,True,0.748168230056763,0.564565539360046,True,136.952041625977,134.25016784668,25.9832496643066,True,0.748101472854614,0.565086305141449,True,3.6585693359375,True,3.776611328125
740,385.236891466667,True,-48.4699630737305,-33.1282272338867,586.368774414063,True,11.2197618484497,-34.492546081543,589.189880371094,True,137.791091918945,134.652465820313,26.1296730041504,True,0.749621570110321,0.56370747089386,True,136.061325073242,134.431259155273,26.0491485595703,True,0.746487975120544,0.564465641975403,True,3.6578369140625,True,3.770263671875
741,385.238558133333,True,-48.4760894775391,-33.1294479370117,586.35693359375,True,11.2156848907471,-34.4922866821289,589.207458496094,True,138.446182250977,133.573852539063,25.7371120452881,True,0.750808358192444,0.567404210567474,True,136.684371948242,132.902847290039,25.4928646087646,True,0.747616648674011,0.569703996181488,True,3.66395568847656,True,3.77838134765625
742,385.2402248,True,-48.4802932739258,-33.1285400390625,586.373657226563,True,11.213716506958,-34.49755859375,589.202758789063,True,136.811004638672,135.684875488281,26.5054779052734,True,0.747846066951752,0.560169100761414,True,136.287551879883,133.817321777344,25.8257255554199,True,0.74689781665802,0.566569805145264,True,3.6632080078125,True,3.77825927734375
743,385.241891466667,True,-48.4852752685547,-33.1393852233887,586.412353515625,True,11.2109432220459,-34.4923629760742,589.21142578125,True,135.547515869141,132.320022583008,25.28076171875,True,0.745557069778442,0.571701526641846,True,136.190139770508,133.646743774414,25.7636184692383,True,0.746721267700195,0.567154467105865,True,3.67037963867188,True,3.77239990234375
744,385.243558133333,True,-48.489917755127,-33.1352996826172,586.415649414063,True,11.2082958221436,-34.4945182800293,589.206665039063,True,137.85546875,136.333908081055,26.7416286468506,True,0.749738216400146,0.557944774627686,True,135.722518920898,132.215209960938,25.2425670623779,True,0.745874166488647,0.572060763835907,True,3.65615844726563,True,3.76513671875
745,385.2452248,True,-48.4963989257813,-33.1342086791992,586.412841796875,True,11.206826210022,-34.4957389831543,589.20458984375,True,139.573699951172,134.381210327148,26.0309391021729,True,0.752850890159607,0.564637184143066,True,136.181579589844,133.059967041016,25.5500068664551,True,0.746705770492554,0.569165587425232,True,3.6722412109375,True,3.77630615234375
746,385.246891466667,True,-48.4992523193359,-33.1358947753906,586.454223632813,True,11.2064371109009,-34.4977188110352,589.197631835938,True,137.881942749023,135.863861083984,26.5706329345703,True,0.749786138534546,0.559555649757385,True,135.405395507813,136.584915161133,26.8330345153809,True,0.745299577713013,0.557084500789642,True,3.66996765136719,True,3.78628540039063
747,385.248558133333,True,-48.5033645629883,-33.1411209106445,586.456298828125,True,11.200288772583,-34.4888458251953,589.184997558594,True,136.189239501953,136.018173217773,26.6267471313477,True,0.746719598770142,0.559026837348938,True,136.022705078125,135.843063354492,26.5630264282227,True,0.746417939662933,0.559626996517181,True,3.67646789550781,True,3.78596496582031
748,385.2502248,True,-48.5033950805664,-33.1371154785156,586.434265136719,True,11.1974430084229,-34.4807243347168,589.209167480469,True,136.558547973633,136.471801757813,26.791805267334,True,0.74738872051239,0.557472229003906,True,135.57829284668,136.803237915039,26.9124488830566,True,0.745612859725952,0.556336283683777,True,3.66023254394531,True,3.77943420410156
749,385.251891466667,True,-48.5088996887207,-33.1380882263184,586.452514648438,True,11.1953763961792,-34.493049621582,589.188598632813,True,137.396911621094,135.134033203125,26.3049259185791,True,0.748907446861267,0.562057137489319,True,135.426895141602,133.99528503418,25.8904781341553,True,0.745338559150696,0.565959930419922,True,3.6649169921875,True,3.78837585449219
750,385.253558133333,True,-48.5122528076172,-33.1425132751465,586.432495117188,True,11.1920948028564,-34.4907073974609,589.199340820313,True,139.909149169922,135.466735839844,26.4260520935059,True,0.753458619117737,0.560916781425476,True,137.036376953125,135.593200683594,26.4720649719238,True,0.748254299163818,0.560483396053314,True,3.66752624511719,True,3.79597473144531
751,385.2552248,True,-48.5095825195313,-33.1425514221191,586.416931152344,True,11.1911554336548,-34.4888343811035,589.219787597656,True,134.857040405273,135.861724853516,26.5697841644287,True,0.744306206703186,0.559563100337982,True,135.315521240234,134.640060424805,26.125171661377,True,0.745136797428131,0.563750028610229,True,3.67106628417969,True,3.78440856933594
752,385.256891466667,True,-48.5153656005859,-33.1411552429199,586.430908203125,True,11.1856422424316,-34.4866409301758,589.222778320313,True,136.629425048828,134.636352539063,26.1238212585449,True,0.747517108917236,0.563762784004211,True,135.568252563477,134.763046264648,26.1699142456055,True,0.745594680309296,0.563328623771667,True,3.65827941894531,True,3.78207397460938
753,385.258558133333,True,-48.5204620361328,-33.1406173706055,586.47412109375,True,11.1854066848755,-34.4900741577148,589.215148925781,True,137.108322143555,135.404403686523,26.4033813476563,True,0.748384654521942,0.561130404472351,True,135.504745483398,135.487182617188,26.4334964752197,True,0.745479583740234,0.56084668636322,True,3.6602783203125,True,3.78732299804688
754,385.2602248,True,-48.52197265625,-33.1430740356445,586.473571777344,True,11.1782417297363,-34.4839286804199,589.207885742188,True,136.237548828125,136.34928894043,26.7472915649414,True,0.746807157993317,0.557891964912415,True,136.617202758789,131.721206665039,25.0627536773682,True,0.74749493598938,0.573753893375397,True,3.67019653320313,True,3.79289245605469
755,385.261891466667,True,-48.5237197875977,-33.1477279663086,586.456420898438,True,11.1768970489502,-34.485954284668,589.18603515625,True,137.129669189453,134.722320556641,26.1551113128662,True,0.748423337936401,0.563468098640442,True,135.789581298828,134.18034362793,25.957820892334,True,0.745995581150055,0.565325677394867,True,3.66818237304688,True,3.79269409179688
756,385.263558133333,True,-48.5292129516602,-33.1464042663574,586.473876953125,True,11.1739883422852,-34.4841575622559,589.186706542969,True,137.876220703125,135.037078857422,26.269645690918,True,0.749775767326355,0.562389373779297,True,134.162521362305,133.025527954102,25.5375232696533,True,0.743048071861267,0.569283545017242,True,3.66795349121094,True,3.77236938476563
757,385.2652248,True,-48.5311431884766,-33.1452026367188,586.473510742188,True,11.1697559356689,-34.481761932373,589.18359375,True,137.833068847656,134.351837158203,26.0202655792236,True,0.74969756603241,0.564737796783447,True,135.21809387207,132.990173339844,25.5246047973633,True,0.744960308074951,0.569404721260071,True,3.66970825195313,True,3.78024291992188
758,385.266891466667,True,-48.5334167480469,-33.1501121520996,586.475830078125,True,11.1686382293701,-34.4843826293945,589.151977539063,True,138.205688476563,135.367385864258,26.3899021148682,True,0.750372648239136,0.561257302761078,True,135.217971801758,134.896118164063,26.2183685302734,True,0.744960069656372,0.562872469425201,True,3.67843627929688,True,3.79653930664063
759,385.268558133333,True,-48.538501739502,-33.1493453979492,586.492492675781,True,11.1681852340698,-34.4824829101563,589.189392089844,True,136.558380126953,134.439315795898,26.0521049499512,True,0.747388362884521,0.564438104629517,True,134.274475097656,135.614959716797,26.4800148010254,True,0.743250846862793,0.560408711433411,True,3.66891479492188,True,3.791015625
760,385.2702248,True,-48.537670135498,-33.1497688293457,586.473388671875,True,11.1630878448486,-34.4818878173828,589.152954101563,True,136.887664794922,134.985015869141,26.2506637573242,True,0.747984886169434,0.562567830085754,True,134.927551269531,135.385284423828,26.396427154541,True,0.744433999061584,0.561195969581604,True,3.67094421386719,True,3.79017639160156
761,385.271891466667,True,-48.5424880981445,-33.1504859924316,586.473999023438,True,11.1596660614014,-34.4768218994141,589.134155273438,True,137.532531738281,135.458618164063,26.4230804443359,True,0.749153137207031,0.560944676399231,True,134.713287353516,134.844604492188,26.1996383666992,True,0.744045734405518,0.563048958778381,True,3.67269897460938,True,3.78666687011719
762,385.273558133333,True,-48.5453796386719,-33.1434020996094,586.511596679688,True,11.1537561416626,-34.4805374145508,589.110473632813,True,137.281860351563,135.860244750977,26.5692672729492,True,0.748699069023132,0.559568047523499,True,134.667053222656,132.101028442383,25.2010078430176,True,0.743962049484253,0.572452187538147,True,3.66429138183594,True,3.77449035644531
763,385.2752248,True,-48.5486717224121,-33.1385612487793,586.510009765625,True,11.1527633666992,-34.4645195007324,589.131225585938,True,137.300064086914,134.961181640625,26.2420482635498,True,0.748731970787048,0.562649488449097,True,133.598236083984,130.786926269531,24.7227439880371,True,0.74202573299408,0.57695597410202,True,3.67628479003906,True,3.77571105957031
764,385.276891466667,True,-48.5463638305664,-33.1259269714355,586.472839355469,True,11.1521415710449,-34.4613723754883,589.129943847656,True,135.904739379883,134.330444335938,26.0124816894531,True,0.746204197406769,0.564811229705811,True,134.564239501953,132.908782958984,25.4950523376465,True,0.743775725364685,0.56968367099762,True,3.66558837890625,True,3.79412841796875
765,385.278558133333,True,-48.5623893737793,-33.1141891479492,586.60009765625,True,11.1485252380371,-34.4449996948242,589.126831054688,True,136.918304443359,131.637771606445,25.0324478149414,True,0.748040497303009,0.574039816856384,True,134.485595703125,131.609436035156,25.0221328735352,True,0.743633389472961,0.574136853218079,True,3.67041015625,True,3.78794860839844
766,385.2802248,True,-48.5641746520996,-33.0904960632324,586.640869140625,True,11.148006439209,-34.4274482727051,589.110046386719,True,134.838500976563,133.149536132813,25.5826187133789,True,0.744272708892822,0.568858563899994,True,134.662353515625,133.115737915039,25.5703773498535,True,0.743953585624695,0.568974375724792,True,3.66337585449219,True,3.79522705078125
767,385.281891466667,True,-48.561882019043,-33.0606498718262,586.623962402344,True,11.1477317810059,-34.4136619567871,589.101440429688,True,137.131973266602,132.628082275391,25.392894744873,True,0.748427510261536,0.570645689964294,True,136.140884399414,134.606857299805,26.1130752563477,True,0.746632099151611,0.56386387348175,True,3.68264770507813,True,3.796630859375
768,385.283558133333,True,-48.565673828125,-33.0486907958984,586.665893554688,True,11.1485290527344,-34.3930320739746,589.074340820313,True,139.068695068359,136.231475830078,26.7043991088867,True,0.751936078071594,0.558295786380768,True,136.017349243164,137.926406860352,27.3212928771973,True,0.746408224105835,0.552486777305603,True,3.6781005859375,True,3.79777526855469
769,385.2852248,True,-48.5543670654297,-33.0174980163574,586.542785644531,True,11.1464195251465,-34.3720397949219,589.032653808594,True,138.350128173828,138.1650390625,27.4081115722656,True,0.750634253025055,0.55166894197464,True,135.60188293457,142.682388305664,29.0523452758789,True,0.745655596256256,0.536186456680298,True,3.67977905273438,True,3.8038330078125
770,385.286891466667,True,-48.5482711791992,-33.0027122497559,586.522583007813,True,11.1366567611694,-34.3320274353027,589.053100585938,True,135.647857666016,140.765182495117,28.3545112609863,True,0.745738863945007,0.542757391929626,True,137.519500732422,140.873168945313,28.393871307373,True,0.74912965297699,0.542387247085571,True,3.69224548339844,True,3.81436157226563
771,385.288558133333,True,-48.555736541748,-32.9826049804688,586.544860839844,True,11.1272659301758,-34.2997360229492,589.112060546875,True,137.067443847656,148.089157104492,31.0202674865723,True,0.748310565948486,0.517655849456787,True,137.079620361328,144.418563842773,29.6842346191406,True,0.748332619667053,0.530236184597015,True,3.68637084960938,True,3.81147766113281
772,385.2902248,True,-48.5579299926758,-32.9529838562012,586.548889160156,True,11.1167964935303,-34.2708015441895,589.096557617188,True,133.455688476563,153.803039550781,33.0999298095703,True,0.741767585277557,0.498072654008865,True,137.181594848633,148.220153808594,31.0678901672363,True,0.748517394065857,0.517207026481628,True,3.66780090332031,True,3.81736755371094
773,385.291891466667,True,-48.5675010681152,-32.9195404052734,586.572021484375,True,11.1061000823975,-34.2415885925293,589.111389160156,True,138.426773071289,157.402740478516,34.410099029541,True,0.750773191452026,0.485735476016998,True,135.668258666992,150.394592285156,31.8592853546143,True,0.745775818824768,0.509754538536072,True,3.70062255859375,True,3.818115234375
774,385.293558133333,True,-48.576847076416,-32.8831939697266,586.697265625,True,11.0946083068848,-34.2071113586426,589.120239257813,True,137.349731445313,160.875091552734,35.6739234924316,True,0.748822093009949,0.473834693431854,True,137.346496582031,156.396759033203,34.0439643859863,True,0.748816132545471,0.489183276891708,True,3.70091247558594,True,3.83857727050781
775,385.2952248,True,-48.5833473205566,-32.8553123474121,586.646301269531,True,11.0794992446899,-34.1666107177734,589.128845214844,True,138.375305175781,166.712371826172,37.7985343933105,True,0.750679910182953,0.453828513622284,True,137.312698364258,157.396179199219,34.4077033996582,True,0.748754918575287,0.485757946968079,True,3.71151733398438,True,3.82257080078125
776,385.296891466667,True,-48.5901679992676,-32.8260841369629,586.809814453125,True,11.0688800811768,-34.1352806091309,589.155944824219,True,135.592910766602,165.832885742188,37.4784355163574,True,0.745639324188232,0.456842720508575,True,135.471694946289,162.804473876953,36.3761825561523,True,0.74541974067688,0.467222064733505,True,3.700439453125,True,3.81607055664063
777,385.298558133333,True,-48.5847854614258,-32.7941436767578,586.763977050781,True,11.0453224182129,-34.0987091064453,589.1044921875,True,132.806182861328,170.469482421875,39.1660194396973,True,0.740590870380402,0.440951734781265,True,135.946380615234,166.434783935547,37.6975212097168,True,0.746279716491699,0.454779893159866,True,3.69746398925781,True,3.83108520507813
778,385.3002248,True,-48.5793991088867,-32.7693252563477,586.758728027344,True,11.0299625396729,-34.0549240112305,589.032897949219,True,130.795043945313,170.367599487305,39.1289672851563,True,0.736947536468506,0.441300868988037,True,135.125579833984,166.501007080078,37.7215766906738,True,0.744792699813843,0.454552948474884,True,3.71696472167969,True,3.81889343261719
779,385.301891466667,True,-48.5729217529297,-32.7341537475586,586.7529296875,True,11.0165462493896,-34.0155639648438,589.118469238281,True,127.635971069336,176.147369384766,41.2326354980469,True,0.731224596500397,0.421491861343384,True,134.067749023438,174.045257568359,40.4675140380859,True,0.742876410484314,0.428696483373642,True,3.701904296875,True,3.83787536621094
780,385.303558133333,True,-48.5894508361816,-32.7046585083008,586.827880859375,True,11.005838394165,-33.9740180969238,589.040283203125,True,128.053802490234,178.675277709961,42.1526756286621,True,0.731981515884399,0.412828028202057,True,134.457366943359,176.146728515625,41.2323455810547,True,0.743582248687744,0.421494096517563,True,3.69454956054688,True,3.82807922363281
781,385.3052248,True,-48.5967254638672,-32.6704216003418,586.827941894531,True,11.0057897567749,-33.950798034668,589.177124023438,True,128.733245849609,183.310546875,43.8397903442383,True,0.733212471008301,0.396941483020782,True,129.548843383789,178.919616699219,42.2416458129883,True,0.734689950942993,0.411990463733673,True,3.69883728027344,True,3.84471130371094
782,385.306891466667,True,-48.6106643676758,-32.6443710327148,586.859985351563,True,10.9740076065063,-33.9102745056152,589.161865234375,True,126.969749450684,183.220703125,43.8070831298828,True,0.73001766204834,0.397249400615692,True,129.410217285156,182.915557861328,43.6960067749023,True,0.73443877696991,0.398295313119888,True,3.69149780273438,True,3.85630798339844
783,385.308558133333,True,-48.6182403564453,-32.609260559082,586.831970214844,True,10.9603595733643,-33.887321472168,589.2529296875,True,125.76643371582,186.919311523438,45.1532325744629,True,0.727837741374969,0.38457328081131,True,128.798980712891,187.449691772461,45.346321105957,True,0.733331561088562,0.382755398750305,True,3.69950866699219,True,3.84140014648438
784,385.3102248,True,-48.6286010742188,-32.5848274230957,586.78955078125,True,10.9533538818359,-33.8711433410645,589.280334472656,True,122.130416870117,185.188125610352,44.5231475830078,True,0.721250772476196,0.390506535768509,True,124.492584228516,192.274444580078,47.1023635864258,True,0.725530028343201,0.36621955037117,True,3.70744323730469,True,3.85267639160156
785,385.311891466667,True,-48.6351585388184,-32.5647659301758,586.691284179688,True,10.9499101638794,-33.8389739990234,589.490600585938,True,123.72395324707,188.808395385742,45.8408088684082,True,0.724137604236603,0.378098756074905,True,124.30632019043,194.315994262695,47.8454360961914,True,0.725192606449127,0.359222531318665,True,3.70732116699219,True,3.84664916992188
786,385.313558133333,True,-48.6409378051758,-32.5343399047852,586.652648925781,True,10.9348373413086,-33.822322845459,589.4482421875,True,122.244338989258,194.247772216797,47.8206329345703,True,0.721457183361053,0.359456300735474,True,122.807571411133,199.036926269531,49.5637054443359,True,0.722477555274963,0.343042492866516,True,3.67898559570313,True,3.85011291503906
787,385.3152248,True,-48.6605110168457,-32.5157699584961,586.684875488281,True,10.9205875396729,-33.8101348876953,589.5126953125,True,121.509979248047,195.181213378906,48.1603393554688,True,0.720126807689667,0.356257140636444,True,120.125289916992,200.690032958984,50.165397644043,True,0.71761828660965,0.337376773357391,True,3.69009399414063,True,3.85981750488281
788,385.316891466667,True,-48.6577301025391,-32.502140045166,586.570190429688,True,10.903636932373,-33.7862892150879,589.43115234375,True,122.889007568359,196.178024291992,48.5231437683105,True,0.722625076770782,0.352840811014175,True,119.381942749023,204.276580810547,51.4707946777344,True,0.716271638870239,0.325084537267685,True,3.69496154785156,True,3.85157775878906
789,385.318558133333,True,-48.6606369018555,-32.4903564453125,586.570617675781,True,10.8972597122192,-33.7770385742188,589.422119140625,True,122.233818054199,200.712982177734,50.173755645752,True,0.721438109874725,0.33729812502861,True,119.164489746094,206.242706298828,52.1863861083984,True,0.715877652168274,0.318346083164215,True,3.68792724609375,True,3.87208557128906
790,385.3202248,True,-48.6645927429199,-32.4919967651367,586.615600585938,True,10.8977794647217,-33.7631645202637,589.574645996094,True,120.936599731445,200.233825683594,49.9993553161621,True,0.719088017940521,0.338940262794495,True,117.675224304199,209.407440185547,53.3382873535156,True,0.713179767131805,0.307499527931213,True,3.70478820800781,True,3.86592102050781
791,385.321891466667,True,-48.6677322387695,-32.4819869995117,586.631103515625,True,10.9015417098999,-33.7655296325684,589.599731445313,True,119.280868530273,203.676696777344,51.2524909973145,True,0.716088533401489,0.327140510082245,True,116.632019042969,210.066589355469,53.5781631469727,True,0.711289882659912,0.305240452289581,True,3.70147705078125,True,3.89170837402344
792,385.323558133333,True,-48.671932220459,-32.4793014526367,586.668395996094,True,10.9061431884766,-33.7588119506836,589.626159667969,True,118.964736938477,205.991333007813,52.0949401855469,True,0.715515732765198,0.319207549095154,True,114.523010253906,214.412719726563,55.1600570678711,True,0.70746922492981,0.290344953536987,True,3.70672607421875,True,3.88246154785156
793,385.3252248,True,-48.6733551025391,-32.4827117919922,586.685974121094,True,10.9053840637207,-33.7568130493164,589.646789550781,True,119.021087646484,204.447769165039,51.5330505371094,True,0.715617954730988,0.324497878551483,True,114.581558227539,213.91130065918,54.9775238037109,True,0.70757532119751,0.292063474655151,True,3.70703125,True,3.88255310058594
794,385.326891466667,True,-48.669792175293,-32.4812202453613,586.648193359375,True,10.9120578765869,-33.75390625,589.669921875,True,117.585708618164,206.534545898438,52.2926254272461,True,0.713017582893372,0.317345827817917,True,114.979598999023,218.625061035156,56.6932144165039,True,0.708296298980713,0.275908023118973,True,3.70091247558594,True,3.88227844238281
795,385.328558133333,True,-48.6718215942383,-32.4809265136719,586.663818359375,True,10.9114723205566,-33.7566719055176,589.640747070313,True,117.465423583984,207.273864746094,52.5617027282715,True,0.712799668312073,0.314812004566193,True,114.552085876465,218.105758666992,56.5041656494141,True,0.707521915435791,0.277687847614288,True,3.69833374023438,True,3.88407897949219
796,385.3302248,True,-48.6701812744141,-32.4753799438477,586.633422851563,True,10.9114856719971,-33.7529678344727,589.642456054688,True,119.047752380371,210.571929931641,53.7621231079102,True,0.7156662940979,0.30350849032402,True,113.126220703125,219.064514160156,56.8531494140625,True,0.70493882894516,0.274401843547821,True,3.71400451660156,True,3.87605285644531
797,385.331891466667,True,-48.6734046936035,-32.4791679382324,586.670349121094,True,10.9103374481201,-33.7638931274414,589.607727050781,True,118.977630615234,210.355117797852,53.6831703186035,True,0.715539216995239,0.304251611232758,True,112.387329101563,217.341949462891,56.2262077331543,True,0.703600287437439,0.280305564403534,True,3.71488952636719,True,3.893798828125
798,385.333558133333,True,-48.6757125854492,-32.4846992492676,586.689086914063,True,10.9114761352539,-33.7532691955566,589.599731445313,True,118.020919799805,209.155548095703,53.2466011047363,True,0.71380603313446,0.308362901210785,True,113.606094360352,220.225631713867,57.2757987976074,True,0.705808162689209,0.270422279834747,True,3.7171630859375,True,3.87556457519531
799,385.3352248,True,-48.6705017089844,-32.481746673584,586.652038574219,True,10.9128913879395,-33.7640838623047,589.599670410156,True,119.011283874512,211.747528076172,54.1899604797363,True,0.7156001329422,0.299479365348816,True,112.303848266602,218.587860107422,56.6796722412109,True,0.703449010848999,0.27603542804718,True,3.70675659179688,True,3.88819885253906
800,385.336891466667,True,-48.6761207580566,-32.4855079650879,586.668823242188,True,10.9154186248779,-33.7631797790527,589.602172851563,True,117.505386352539,209.227279663086,53.2727279663086,True,0.712872087955475,0.308117002248764,True,113.089622497559,219.225372314453,56.9117126464844,True,0.704872488975525,0.273850530385971,True,3.71018981933594,True,3.88948059082031
801,385.338558133333,True,-48.679859161377,-32.487247467041,586.69873046875,True,10.9169902801514,-33.7694320678711,589.585571289063,True,117.129135131836,210.010101318359,53.5576095581055,True,0.712190508842468,0.305434048175812,True,112.19987487793,219.199310302734,56.9022369384766,True,0.703260660171509,0.273939847946167,True,3.72213745117188,True,3.8896484375
802,385.3402248,True,-48.6716575622559,-32.4830017089844,586.626770019531,True,10.9158515930176,-33.7751808166504,589.562255859375,True,117.845146179199,212.782623291016,54.566707611084,True,0.713487565517426,0.295931786298752,True,112.67805480957,217.595611572266,56.3185348510742,True,0.704126954078674,0.27943617105484,True,3.70878601074219,True,3.88833618164063
803,385.341891466667,True,-48.6789665222168,-32.4892120361328,586.696228027344,True,10.9192676544189,-33.7783508300781,589.554565429688,True,117.037673950195,210.624206542969,53.7811889648438,True,0.712024807929993,0.303329288959503,True,111.378211975098,216.998779296875,56.1012878417969,True,0.701772093772888,0.281481713056564,True,3.70416259765625,True,3.89125061035156
804,385.343558133333,True,-48.6772384643555,-32.4925231933594,586.635620117188,True,10.9203023910522,-33.7786407470703,589.519775390625,True,117.51237487793,208.143249511719,52.8781127929688,True,0.712884783744812,0.311832338571548,True,113.674896240234,216.018188476563,55.7443809509277,True,0.705932796001434,0.284842491149902,True,3.72784423828125,True,3.89656066894531
805,385.3452248,True,-48.6802520751953,-32.494270324707,586.656799316406,True,10.9211158752441,-33.7832565307617,589.543640136719,True,117.322845458984,207.177139282227,52.526496887207,True,0.712541341781616,0.315143465995789,True,111.918930053711,214.66178894043,55.2507095336914,True,0.702751755714417,0.289491295814514,True,3.71231079101563,True,3.88037109375
806,385.346891466667,True,-48.6763916015625,-32.4906349182129,586.618469238281,True,10.9222478866577,-33.7791023254395,589.527587890625,True,118.349166870117,210.562133789063,53.7585906982422,True,0.714400708675385,0.303541928529739,True,113.106925964355,217.254287719727,56.1942901611328,True,0.704903841018677,0.280606001615524,True,3.72393798828125,True,3.87271118164063
807,385.348558133333,True,-48.6791076660156,-32.4922637939453,586.630065917969,True,10.924786567688,-33.7805557250977,589.527587890625,True,117.286460876465,208.081817626953,52.8557662963867,True,0.712475478649139,0.31204292178154,True,113.242492675781,215.822387695313,55.6731491088867,True,0.705149471759796,0.285513550043106,True,3.71392822265625,True,3.88813781738281
808,385.3502248,True,-48.6810302734375,-32.4913711547852,586.637939453125,True,10.925874710083,-33.7908935546875,589.499145507813,True,117.297027587891,207.444000244141,52.6236267089844,True,0.712494611740112,0.314228951931,True,111.500122070313,212.321655273438,54.3989791870117,True,0.701993048191071,0.297511667013168,True,3.71467590332031,True,3.89540100097656
809,385.351891466667,True,-48.6814346313477,-32.4939498901367,586.637390136719,True,10.9261875152588,-33.7923431396484,589.499755859375,True,119.095291137695,206.311950683594,52.2115631103516,True,0.715752363204956,0.318108767271042,True,113.237670898438,212.577407836914,54.4920883178711,True,0.705140709877014,0.296635091304779,True,3.71591186523438,True,3.88858032226563
810,385.353558133333,True,-48.6787872314453,-32.4945602416992,586.61767578125,True,10.9291286468506,-33.7863998413086,589.50341796875,True,118.375747680664,207.560958862305,52.6662063598633,True,0.714448869228363,0.313828021287918,True,112.774642944336,214.726959228516,55.2744483947754,True,0.704301953315735,0.289267957210541,True,3.71748352050781,True,3.8785400390625
811,385.3552248,True,-48.6779823303223,-32.4928359985352,586.618041992188,True,10.9324035644531,-33.791820526123,589.487365722656,True,117.309600830078,208.609100341797,53.0476989746094,True,0.712517380714417,0.310235738754272,True,112.105880737305,213.11701965332,54.6884574890137,True,0.703090310096741,0.294785708189011,True,3.70184326171875,True,3.88740539550781
812,385.356891466667,True,-48.6807632446289,-32.490348815918,586.62939453125,True,10.9343605041504,-33.7953758239746,589.504516601563,True,118.247543334961,207.733795166016,52.7291107177734,True,0.714216589927673,0.313235580921173,True,111.964263916016,210.840423583984,53.85986328125,True,0.702833890914917,0.302588224411011,True,3.71171569824219,True,3.88520812988281
813,385.358558133333,True,-48.6786346435547,-32.4955940246582,586.630126953125,True,10.9375381469727,-33.7847137451172,589.4677734375,True,117.610534667969,205.564682006836,51.9395904541016,True,0.713062524795532,0.320669889450073,True,114.723625183105,216.333587646484,55.8591690063477,True,0.707832634449005,0.283761501312256,True,3.70979309082031,True,3.88188171386719
814,385.3602248,True,-48.6784210205078,-32.4921875,586.619079589844,True,10.9360675811768,-33.8055229187012,589.486267089844,True,117.658653259277,207.981231689453,52.8191833496094,True,0.713149666786194,0.312387585639954,True,113.048988342285,210.267028808594,53.6511764526367,True,0.704798936843872,0.3045534491539,True,3.71089172363281,True,3.8935546875
815,385.361891466667,True,-48.6798553466797,-32.4943389892578,586.6533203125,True,10.9396667480469,-33.8005523681641,589.49267578125,True,120.239845275879,206.67236328125,52.3427810668945,True,0.717825889587402,0.316873461008072,True,113.150657653809,212.047698974609,54.2992630004883,True,0.704983115196228,0.298450589179993,True,3.71247863769531,True,3.88700866699219
816,385.363558133333,True,-48.678581237793,-32.4930763244629,586.615295410156,True,10.9398727416992,-33.7996292114258,589.507568359375,True,118.314041137695,207.731872558594,52.7284202575684,True,0.71433699131012,0.313242226839066,True,113.155776977539,211.634750366211,54.1489486694336,True,0.704992413520813,0.299865901470184,True,3.70379638671875,True,3.88746643066406
817,385.3652248,True,-48.6789855957031,-32.4945335388184,586.635009765625,True,10.9442119598389,-33.800666809082,589.501953125,True,118.199661254883,206.920013427734,52.4329299926758,True,0.71412980556488,0.316024720668793,True,113.945297241211,212.08349609375,54.3122634887695,True,0.706422626972198,0.298327922821045,True,3.70027160644531,True,3.88471984863281
818,385.366891466667,True,-48.6813316345215,-32.4953575134277,586.648620605469,True,10.9447898864746,-33.8085098266602,589.497375488281,True,117.789520263672,205.885223388672,52.0562896728516,True,0.7133868932724,0.319571256637573,True,112.713790893555,210.133529663086,53.6025543212891,True,0.704191625118256,0.305011034011841,True,3.70086669921875,True,3.88182067871094
819,385.368558133333,True,-48.6771621704102,-32.4964256286621,586.628051757813,True,10.948657989502,-33.8051338195801,589.510803222656,True,116.841781616211,205.816497802734,52.0312576293945,True,0.711669921875,0.319806843996048,True,114.872299194336,213.993591308594,55.0075073242188,True,0.708101987838745,0.291781395673752,True,3.70391845703125,True,3.88139343261719
820,385.3702248,True,-48.6793518066406,-32.4960403442383,586.665893554688,True,10.9478530883789,-33.809871673584,589.497375488281,True,117.815170288086,207.019317626953,52.4690017700195,True,0.713433265686035,0.31568443775177,True,114.377372741699,211.386505126953,54.0586128234863,True,0.707205414772034,0.300716638565063,True,3.69233703613281,True,3.87799072265625
821,385.371891466667,True,-48.677734375,-32.5000610351563,586.631713867188,True,10.9499549865723,-33.8114395141602,589.495788574219,True,117.686279296875,204.08854675293,51.4023895263672,True,0.71319979429245,0.325728982686996,True,113.988952636719,210.394348144531,53.6974182128906,True,0.70650178194046,0.304117202758789,True,3.69889831542969,True,3.88902282714844
822,385.373558133333,True,-48.6779365539551,-32.4994316101074,586.632751464844,True,10.9515924453735,-33.8176574707031,589.512817382813,True,119.764236450195,204.653198242188,51.6078720092773,True,0.716964244842529,0.323793768882751,True,113.214019775391,209.201934814453,53.263500213623,True,0.705097913742065,0.308203846216202,True,3.70072937011719,True,3.88758850097656
823,385.3752248,True,-48.680492401123,-32.4996566772461,586.668273925781,True,10.9539756774902,-33.8223304748535,589.523986816406,True,119.783447265625,204.202255249023,51.443775177002,True,0.716998994350433,0.325339287519455,True,113.255111694336,208.265380859375,52.9225921630859,True,0.705172300338745,0.311413705348969,True,3.71430969238281,True,3.88723754882813
824,385.376891466667,True,-48.6792449951172,-32.497127532959,586.666381835938,True,10.9542779922485,-33.827262878418,589.527221679688,True,117.735748291016,205.610595703125,51.9563217163086,True,0.713289380073547,0.320512473583221,True,113.325820922852,206.727905273438,52.3630523681641,True,0.705300450325012,0.316683053970337,True,3.68968200683594,True,3.88926696777344
825,385.378558133333,True,-48.6793823242188,-32.4966850280762,586.654479980469,True,10.9533252716064,-33.8291625976563,589.502868652344,True,118.794891357422,206.387496948242,52.2391204833984,True,0.715208172798157,0.317849844694138,True,113.73518371582,205.716705322266,51.9949569702148,True,0.706042051315308,0.320148825645447,True,3.70539855957031,True,3.89273071289063
826,385.3802248,True,-48.677375793457,-32.5057373046875,586.638793945313,True,10.9562721252441,-33.8234214782715,589.508117675781,True,118.79638671875,202.114532470703,50.6839447021484,True,0.715210914611816,0.332494497299194,True,112.813827514648,208.661193847656,53.0666732788086,True,0.704372882843018,0.310057163238525,True,3.70285034179688,True,3.88258361816406
827,385.381891466667,True,-48.6793098449707,-32.5000610351563,586.667724609375,True,10.9572420120239,-33.8213920593262,589.507263183594,True,119.799163818359,206.197143554688,52.169792175293,True,0.717027425765991,0.318502247333527,True,113.349655151367,210.150848388672,53.6088676452637,True,0.705343544483185,0.304951608181,True,3.68814086914063,True,3.88307189941406
828,385.383558133333,True,-48.6779289245605,-32.5007667541504,586.6650390625,True,10.9582386016846,-33.8193702697754,589.514465332031,True,120.623947143555,203.597137451172,51.2235107421875,True,0.718521654605865,0.327413201332092,True,114.749588012695,210.039611816406,53.5683403015137,True,0.707879662513733,0.305332958698273,True,3.70736694335938,True,3.87937927246094
829,385.3852248,True,-48.6812973022461,-32.5052947998047,586.705932617188,True,10.9609146118164,-33.8249702453613,589.522094726563,True,117.552688598633,203.474533081055,51.1788864135742,True,0.712957739830017,0.327833443880081,True,113.71989440918,210.171508789063,53.6163711547852,True,0.706014275550842,0.304880857467651,True,3.69557189941406,True,3.89219665527344
830,385.386891466667,True,-48.6785202026367,-32.504810333252,586.688842773438,True,10.9622249603271,-33.830322265625,589.531127929688,True,118.368087768555,204.089797973633,51.4027862548828,True,0.71443498134613,0.325724750757217,True,114.542343139648,208.798553466797,53.1166610717773,True,0.707504272460938,0.309586405754089,True,3.6943359375,True,3.89256286621094
831,385.388558133333,True,-48.6804122924805,-32.5013122558594,586.706176757813,True,10.9633197784424,-33.8308410644531,589.518798828125,True,118.016418457031,205.401107788086,51.8801040649414,True,0.713797926902771,0.321230471134186,True,114.545547485352,209.871032714844,53.5070190429688,True,0.707510054111481,0.305910646915436,True,3.69259643554688,True,3.88526916503906
832,385.3902248,True,-48.6778373718262,-32.5069122314453,586.706909179688,True,10.9648017883301,-33.830810546875,589.532043457031,True,116.848251342773,204.381591796875,51.5090026855469,True,0.711681604385376,0.324724674224854,True,112.967071533203,209.602935791016,53.4094009399414,True,0.704650521278381,0.306829541921616,True,3.70083618164063,True,3.88723754882813
833,385.391891466667,True,-48.6830825805664,-32.5074920654297,586.724670410156,True,10.9630355834961,-33.832836151123,589.520385742188,True,120.235397338867,204.057662963867,51.3911209106445,True,0.717817783355713,0.325834840536118,True,114.816680908203,208.665496826172,53.0682067871094,True,0.708001255989075,0.310042440891266,True,3.69999694824219,True,3.88862609863281
834,385.393558133333,True,-48.6805267333984,-32.5090103149414,586.726806640625,True,10.9677181243896,-33.8420295715332,589.528259277344,True,119.521011352539,204.983337402344,51.7280235290527,True,0.71652352809906,0.322662264108658,True,112.838455200195,208.407562255859,52.9743728637695,True,0.704417586326599,0.310926407575607,True,3.69802856445313,True,3.88926696777344
835,385.3952248,True,-48.6789588928223,-32.510871887207,586.731567382813,True,10.9673080444336,-33.8374633789063,589.521118164063,True,121.059127807617,206.334381103516,52.2197647094727,True,0.71931004524231,0.318031877279282,True,113.158973693848,209.316223144531,53.3051109313965,True,0.704998135566711,0.307812094688416,True,3.70034790039063,True,3.880126953125
836,385.396891466667,True,-48.6751327514648,-32.5209503173828,586.617553710938,True,10.9677619934082,-33.8433151245117,589.512390136719,True,120.965911865234,203.694641113281,51.2590255737305,True,0.719141125679016,0.327079027891159,True,114.296669006348,208.659057617188,53.0658950805664,True,0.707059144973755,0.310064554214478,True,3.70689392089844,True,3.88597106933594
837,385.398558133333,True,-48.6846084594727,-32.5190200805664,586.74853515625,True,10.9665307998657,-33.8454513549805,589.512573242188,True,119.077072143555,203.696578979492,51.2596855163574,True,0.715719282627106,0.327072441577911,True,115.817306518555,209.951934814453,53.5364456176758,True,0.709813952445984,0.305633395910263,True,3.69081115722656,True,3.88577270507813
838,385.4002248,True,-48.6809730529785,-32.5172233581543,586.753784179688,True,10.9690399169922,-33.851203918457,589.5234375,True,119.761077880859,205.3251953125,51.8524475097656,True,0.716958463191986,0.321490675210953,True,114.427574157715,207.706100463867,52.7190170288086,True,0.707296311855316,0.313330590724945,True,3.69094848632813,True,3.88130187988281
839,385.401891466667,True,-48.680793762207,-32.5190658569336,586.731628417969,True,10.9688625335693,-33.8517723083496,589.53759765625,True,119.470947265625,205.727203369141,51.9987907409668,True,0.716432929039001,0.320112824440002,True,114.70076751709,208.578918457031,53.0367126464844,True,0.707791209220886,0.310339152812958,True,3.69369506835938,True,3.88174438476563
840,385.403558133333,True,-48.685115814209,-32.524284362793,586.792236328125,True,10.96946144104,-33.8582611083984,589.514831542969,True,118.923248291016,204.007385253906,51.3728256225586,True,0.71544075012207,0.326007127761841,True,113.909065246582,206.739303588867,52.3671569824219,True,0.706357002258301,0.316644072532654,True,3.6998291015625,True,3.89207458496094
841,385.4052248,True,-48.6876525878906,-32.526123046875,586.791381835938,True,10.9730587005615,-33.8481254577637,589.522888183594,True,116.990280151367,203.045349121094,51.0226745605469,True,0.711938917636871,0.329304367303848,True,114.405014038086,212.112823486328,54.3229446411133,True,0.707255482673645,0.298227369785309,True,3.69755554199219,True,3.88754272460938
842,385.406891466667,True,-48.6842842102051,-32.5268020629883,586.791015625,True,10.97376537323,-33.8565368652344,589.528015136719,True,118.829643249512,205.686645507813,51.984016418457,True,0.71527111530304,0.320251882076263,True,114.651626586914,210.218444824219,53.6334495544434,True,0.707702279090881,0.304720014333725,True,3.68379211425781,True,3.87931823730469
843,385.408558133333,True,-48.6875534057617,-32.5297584533691,586.808837890625,True,10.9720659255981,-33.8549728393555,589.543823242188,True,119.981483459473,203.856292724609,51.3178100585938,True,0.717357754707336,0.326525002717972,True,116.060806274414,210.026672363281,53.5636444091797,True,0.710255026817322,0.305377304553986,True,3.70816040039063,True,3.89202880859375
844,385.4102248,True,-48.6854438781738,-32.533260345459,586.791381835938,True,10.9719409942627,-33.8599319458008,589.519653320313,True,120.751419067383,202.820373535156,50.9407691955566,True,0.71875262260437,0.330075472593307,True,114.653182983398,208.191299438477,52.8955993652344,True,0.707705080509186,0.311667621135712,True,3.70329284667969,True,3.88099670410156
845,385.411891466667,True,-48.6874313354492,-32.5343170166016,586.807922363281,True,10.9740028381348,-33.8587837219238,589.555236816406,True,117.354156494141,202.963806152344,50.9929847717285,True,0.712598085403442,0.3295838534832,True,114.66862487793,212.15625,54.3387603759766,True,0.707733035087585,0.298078596591949,True,3.69000244140625,True,3.87759399414063
846,385.413558133333,True,-48.6907005310059,-32.5324859619141,586.829711914063,True,10.9737567901611,-33.8701972961426,589.524047851563,True,118.979690551758,204.444595336914,51.531982421875,True,0.715542912483215,0.324508666992188,True,114.758895874023,208.011627197266,52.8302345275879,True,0.707896590232849,0.312283426523209,True,3.68342590332031,True,3.88600158691406
847,385.4152248,True,-48.6904792785645,-32.5352935791016,586.808776855469,True,10.974422454834,-33.867317199707,589.535461425781,True,117.034194946289,202.847152709961,50.9505271911621,True,0.712018489837646,0.329983621835709,True,115.408676147461,208.472991943359,52.9981956481934,True,0.709073662757874,0.31070214509964,True,3.68739318847656,True,3.88316345214844
848,385.416891466667,True,-48.6893920898438,-32.5321197509766,586.808776855469,True,10.9738836288452,-33.8653259277344,589.516479492188,True,119.10954284668,206.440704345703,52.2584609985352,True,0.715778172016144,0.31766739487648,True,115.682357788086,210.828735351563,53.8555641174316,True,0.70956951379776,0.302628368139267,True,3.68197631835938,True,3.88148498535156
849,385.418558133333,True,-48.6925048828125,-32.5374755859375,586.845458984375,True,10.972354888916,-33.8731117248535,589.5224609375,True,119.708465576172,204.641357421875,51.6035766601563,True,0.716863214969635,0.323834300041199,True,115.229347229004,207.806884765625,52.7556838989258,True,0.708748817443848,0.312985181808472,True,3.68495178222656,True,3.87687683105469
850,385.4202248,True,-48.6940460205078,-32.5412864685059,586.832763671875,True,10.9739608764648,-33.8649673461914,589.532592773438,True,118.05290222168,202.778503417969,50.9255294799805,True,0.713863909244537,0.330219000577927,True,115.83154296875,209.384872436523,53.3300628662109,True,0.709839701652527,0.307576894760132,True,3.6912841796875,True,3.88169860839844
851,385.421891466667,True,-48.6922187805176,-32.5368118286133,586.826110839844,True,10.9740743637085,-33.8670387268066,589.527099609375,True,118.901016235352,204.675018310547,51.6158142089844,True,0.715400397777557,0.323719054460526,True,115.107704162598,209.885498046875,53.5122947692871,True,0.708528459072113,0.305861115455627,True,3.67997741699219,True,3.88308715820313
852,385.423558133333,True,-48.6947784423828,-32.5420417785645,586.825927734375,True,10.9748516082764,-33.8724632263184,589.536499023438,True,121.032119750977,203.083160400391,51.0364227294922,True,0.719261169433594,0.329174786806107,True,115.083358764648,208.887588500977,53.1490478515625,True,0.708484292030334,0.309281259775162,True,3.68728637695313,True,3.8773193359375
853,385.4252248,True,-48.6968574523926,-32.5387878417969,586.843139648438,True,10.9752559661865,-33.8684692382813,589.541015625,True,119.134910583496,205.377731323242,51.8715400695801,True,0.715824127197266,0.321310669183731,True,115.794662475586,209.520568847656,53.3794441223145,True,0.709773004055023,0.307111859321594,True,3.68443298339844,True,3.8692626953125
854,385.426891466667,True,-48.6931457519531,-32.5392837524414,586.827026367188,True,10.9730319976807,-33.8722686767578,589.537902832031,True,119.328430175781,207.236328125,52.5480270385742,True,0.716174721717834,0.314940631389618,True,115.283630371094,207.525482177734,52.6532821655273,True,0.708847165107727,0.313949584960938,True,3.67218017578125,True,3.87467956542969
855,385.428558133333,True,-48.6963043212891,-32.5407409667969,586.823913574219,True,10.9736776351929,-33.8684577941895,589.522094726563,True,118.475601196289,204.984405517578,51.7284545898438,True,0.714629769325256,0.322658598423004,True,115.081108093262,209.426559448242,53.3452377319336,True,0.708480298519135,0.307434022426605,True,3.67500305175781,True,3.8692626953125
856,385.4302248,True,-48.6966934204102,-32.5425262451172,586.828002929688,True,10.9740610122681,-33.869255065918,589.518432617188,True,118.722534179688,204.587432861328,51.583927154541,True,0.715077102184296,0.324019193649292,True,116.030906677246,208.427978515625,52.9818229675293,True,0.710200905799866,0.310856401920319,True,3.68455505371094,True,3.895751953125
857,385.431891466667,True,-48.6989212036133,-32.5407333374023,586.827392578125,True,10.9745311737061,-33.8663864135742,589.525024414063,True,118.79638671875,205.417388916016,51.8860015869141,True,0.715210855007172,0.321174681186676,True,115.68285369873,209.551864624023,53.3908157348633,True,0.709570348262787,0.307004600763321,True,3.69424438476563,True,3.88116455078125
858,385.433558133333,True,-48.7008972167969,-32.5442657470703,586.823059082031,True,10.9739761352539,-33.8645133972168,589.52294921875,True,119.842620849609,201.500732421875,50.4604797363281,True,0.71710616350174,0.334598243236542,True,115.245124816895,209.850616455078,53.499568939209,True,0.708777368068695,0.305980652570724,True,3.69575500488281,True,3.87541198730469
859,385.4352248,True,-48.7001533508301,-32.5484046936035,586.820251464844,True,10.9744415283203,-33.8745994567871,589.52099609375,True,118.427032470703,201.943115234375,50.6214790344238,True,0.714541733264923,0.333082050085068,True,114.930809020996,207.437774658203,52.6214141845703,True,0.708207964897156,0.314250111579895,True,3.6953125,True,3.8863525390625
860,385.436891466667,True,-48.7030601501465,-32.5478134155273,586.841064453125,True,10.9725275039673,-33.8736305236816,589.5166015625,True,119.706253051758,201.137359619141,50.328254699707,True,0.71685916185379,0.335843533277512,True,115.941818237305,207.041458129883,52.4771499633789,True,0.710039496421814,0.315608501434326,True,3.70211791992188,True,3.87684631347656
861,385.438558133333,True,-48.6990966796875,-32.5458831787109,586.8037109375,True,10.9753150939941,-33.8704795837402,589.52734375,True,118.63134765625,202.98225402832,50.9997024536133,True,0.714911878108978,0.329520612955093,True,114.832412719727,208.251617431641,52.9175910949707,True,0.708029747009277,0.311460882425308,True,3.68612670898438,True,3.8863525390625
862,385.4402248,True,-48.703784942627,-32.5448837280273,586.842651367188,True,10.9745998382568,-33.8757743835449,589.526123046875,True,119.99137878418,204.444030761719,51.5317535400391,True,0.717375636100769,0.32451069355011,True,114.769027709961,206.830810546875,52.4004440307617,True,0.70791494846344,0.316330462694168,True,3.69032287597656,True,3.88955688476563
863,385.441891466667,True,-48.7035179138184,-32.5453796386719,586.823120117188,True,10.9738254547119,-33.8748397827148,589.514953613281,True,118.544441223145,204.227157592773,51.4528274536133,True,0.714754462242126,0.325253933668137,True,114.075790405273,207.517776489258,52.6505317687988,True,0.706659078598022,0.313975989818573,True,3.68560791015625,True,3.87913513183594
864,385.443558133333,True,-48.7062530517578,-32.5457458496094,586.822265625,True,10.9746780395508,-33.8754043579102,589.521484375,True,120.385803222656,203.168579101563,51.067512512207,True,0.718090176582336,0.328882038593292,True,114.744285583496,207.901947021484,52.7902870178223,True,0.707870006561279,0.312659323215485,True,3.68594360351563,True,3.87722778320313
865,385.4452248,True,-48.7063217163086,-32.5407218933105,586.822326660156,True,10.9741888046265,-33.8731269836426,589.537475585938,True,119.457534790039,204.492736816406,51.5495147705078,True,0.716408610343933,0.324343651533127,True,114.705078125,208.319122314453,52.9421844482422,True,0.707799077033997,0.311229526996613,True,3.67279052734375,True,3.88333129882813
866,385.446891466667,True,-48.7057571411133,-32.5389213562012,586.818664550781,True,10.9725608825684,-33.8726234436035,589.50634765625,True,119.380813598633,204.558776855469,51.5734901428223,True,0.716269612312317,0.324117422103882,True,115.284591674805,207.598770141602,52.6799697875977,True,0.70884895324707,0.313698381185532,True,3.6771240234375,True,3.88177490234375
867,385.448558133333,True,-48.7055473327637,-32.5346374511719,586.734069824219,True,10.9718379974365,-33.8791275024414,589.500427246094,True,119.299209594727,205.572143554688,51.9423637390137,True,0.716121733188629,0.32064425945282,True,114.461502075195,205.373199462891,51.8699417114258,True,0.707357823848724,0.32132613658905,True,3.68434143066406,True,3.87786865234375
868,385.4502248,True,-48.7032775878906,-32.5359344482422,586.821472167969,True,10.9728565216064,-33.8773231506348,589.48095703125,True,120.287216186523,206.137191772461,52.1479682922363,True,0.717911720275879,0.318707704544067,True,115.149200439453,206.268707275391,52.1958618164063,True,0.708603620529175,0.318256974220276,True,3.66900634765625,True,3.87364196777344
869,385.451891466667,True,-48.7069969177246,-32.5401763916016,586.80224609375,True,10.973858833313,-33.867301940918,589.497009277344,True,118.458312988281,202.768646240234,50.9219818115234,True,0.714598417282104,0.330252677202225,True,115.625900268555,210.774551391602,53.835880279541,True,0.709467232227325,0.302814036607742,True,3.67866516113281,True,3.87031555175781
870,385.453558133333,True,-48.7064666748047,-32.5362586975098,586.699829101563,True,10.9750785827637,-33.8702850341797,589.504028320313,True,121.72093963623,204.260162353516,51.4648132324219,True,0.720508933067322,0.325140833854675,True,115.814666748047,211.406097412109,54.065746307373,True,0.709809184074402,0.300649523735046,True,3.66317749023438,True,3.88688659667969
871,385.4552248,True,-48.7060966491699,-32.5307502746582,586.6982421875,True,10.9728050231934,-33.870906829834,589.486083984375,True,122.645767211914,205.167266845703,51.7949638366699,True,0.722184300422668,0.322031944990158,True,114.769821166992,207.509857177734,52.6476058959961,True,0.707916378974915,0.314003139734268,True,3.67964172363281,True,3.87716674804688
872,385.456891466667,True,-48.7110290527344,-32.5375061035156,586.8515625,True,10.9740514755249,-33.8694305419922,589.49853515625,True,120.289588928223,203.633636474609,51.23681640625,True,0.717915892601013,0.327288091182709,True,116.007820129395,209.491638183594,53.3689308166504,True,0.710159122943878,0.307210952043533,True,3.68553161621094,True,3.89019775390625
873,385.458558133333,True,-48.7102432250977,-32.5317115783691,586.711059570313,True,10.9719371795654,-33.8668098449707,589.473571777344,True,119.180068969727,204.488098144531,51.5477752685547,True,0.715905904769897,0.324359625577927,True,114.17227935791,208.342727661133,52.9507865905762,True,0.706833839416504,0.311148583889008,True,3.66975402832031,True,3.87812805175781
874,385.4602248,True,-48.7139282226563,-32.5318145751953,586.861022949219,True,10.97203540802,-33.8752593994141,589.478393554688,True,121.329055786133,205.047103881836,51.7512893676758,True,0.719799041748047,0.322443664073944,True,115.264389038086,207.390197753906,52.6040573120117,True,0.708812355995178,0.31441330909729,True,3.68006896972656,True,3.87800598144531
875,385.461891466667,True,-48.7141265869141,-32.5292053222656,586.865295410156,True,10.9713640213013,-33.8672866821289,589.47509765625,True,119.623916625977,204.695587158203,51.623291015625,True,0.716709971427917,0.323648542165756,True,115.511001586914,208.010360717773,52.8297653198242,True,0.70925909280777,0.312287777662277,True,3.67269897460938,True,3.87258911132813
876,385.463558133333,True,-48.7107620239258,-32.5268707275391,586.726501464844,True,10.9698753356934,-33.8667945861816,589.468322753906,True,120.655014038086,204.339050292969,51.4935455322266,True,0.718577980995178,0.324870407581329,True,115.200881958008,208.289886474609,52.9315414428711,True,0.708697199821472,0.311329662799835,True,3.67581176757813,True,3.87431335449219
877,385.4652248,True,-48.7134780883789,-32.5250663757324,586.709045410156,True,10.968316078186,-33.86474609375,589.459228515625,True,121.057891845703,203.774505615234,51.2880210876465,True,0.719307780265808,0.326805382966995,True,114.673522949219,206.917297363281,52.4319610595703,True,0.707741916179657,0.316034018993378,True,3.67573547363281,True,3.87617492675781
878,385.466891466667,True,-48.7147750854492,-32.5222396850586,586.708740234375,True,10.9690055847168,-33.8664207458496,589.456176757813,True,120.827407836914,203.815811157227,51.3030776977539,True,0.718890249729156,0.326663821935654,True,114.454162597656,207.635025024414,52.693187713623,True,0.707344532012939,0.313574135303497,True,3.66409301757813,True,3.87001037597656
879,385.468558133333,True,-48.7166938781738,-32.5243835449219,586.84716796875,True,10.9664134979248,-33.8658790588379,589.44287109375,True,117.545333862305,202.57080078125,50.8499374389648,True,0.712944507598877,0.330930769443512,True,116.980934143066,208.231628417969,52.910327911377,True,0.7119220495224,0.311529397964478,True,3.67076110839844,True,3.87983703613281
880,385.4702248,True,-48.717113494873,-32.5141372680664,586.714477539063,True,10.9676475524902,-33.8653411865234,589.460021972656,True,121.34521484375,203.828536987305,51.3077011108398,True,0.719828248023987,0.326620161533356,True,115.018157958984,205.216125488281,51.8127555847168,True,0.708366274833679,0.321864485740662,True,3.65328979492188,True,3.88064575195313
881,385.471891466667,True,-48.7204360961914,-32.5138664245605,586.691040039063,True,10.9643402099609,-33.8611145019531,589.412719726563,True,122.580642700195,203.724182128906,51.2697372436523,True,0.722066402435303,0.32697781920433,True,116.135566711426,209.480331420898,53.3647842407227,True,0.710390567779541,0.307249784469604,True,3.65956115722656,True,3.87861633300781
882,385.473558133333,True,-48.7298736572266,-32.5159072875977,586.732604980469,True,10.9604301452637,-33.8634185791016,589.426635742188,True,121.9052734375,203.854339599609,51.317066192627,True,0.720842838287354,0.326531738042831,True,116.835632324219,208.771514892578,53.1068382263184,True,0.711658835411072,0.30967903137207,True,3.66380310058594,True,3.86766052246094
883,385.4752248,True,-48.7439651489258,-32.5158653259277,586.818969726563,True,10.956600189209,-33.8529510498047,589.459228515625,True,120.085464477539,202.965087890625,50.9934158325195,True,0.717546164989471,0.329579472541809,True,115.493423461914,209.621322631836,53.4160957336426,True,0.709227204322815,0.306766510009766,True,3.66787719726563,True,3.86886596679688
884,385.476891466667,True,-48.7667922973633,-32.5249328613281,586.870666503906,True,10.9432239532471,-33.8528251647949,589.443725585938,True,118.701622009277,196.995193481445,48.8206329345703,True,0.715039253234863,0.350040018558502,True,116.482498168945,209.214019775391,53.2678604125977,True,0.711019098758698,0.308162450790405,True,3.69815063476563,True,3.86676025390625
885,385.478558133333,True,-48.8036727905273,-32.512451171875,587.015563964844,True,10.9232740402222,-33.8580169677734,589.545349121094,True,120.732620239258,202.843826293945,50.9493408203125,True,0.718718528747559,0.329995036125183,True,116.741073608398,207.844482421875,52.7693939208984,True,0.711487412452698,0.312856316566467,True,3.67506408691406,True,3.87791442871094
886,385.4802248,True,-48.8353958129883,-32.5015182495117,587.048706054688,True,10.8960933685303,-33.8591384887695,589.620971679688,True,116.455551147461,203.676727294922,51.2524490356445,True,0.710970222949982,0.327140420675278,True,114.599609375,204.654205322266,51.608268737793,True,0.707607984542847,0.323790311813354,True,3.66094970703125,True,3.8873291015625
887,385.481891466667,True,-48.8803939819336,-32.5085105895996,587.156982421875,True,10.8660488128662,-33.8501625061035,589.603210449219,True,111.702301025391,200.317230224609,50.0297393798828,True,0.702359199523926,0.338654458522797,True,111.882263183594,206.376327514648,52.2350234985352,True,0.702685236930847,0.317888081073761,True,3.66911315917969,True,3.87751770019531
888,385.483558133333,True,-48.915412902832,-32.5083999633789,586.990295410156,True,10.8294868469238,-33.8443374633789,589.624145507813,True,106.813705444336,198.677001953125,49.432731628418,True,0.693503081798553,0.344275951385498,True,110.837921142578,209.028778076172,53.2004508972168,True,0.700793385505676,0.308797299861908,True,3.69976806640625,True,3.900146484375
889,385.4852248,True,-48.9740676879883,-32.503776550293,586.957458496094,True,10.7747135162354,-33.8408889770508,589.66455078125,True,102.926315307617,194.82194519043,48.029613494873,True,0.686460793018341,0.357488423585892,True,109.135208129883,205.631149291992,51.9638137817383,True,0.69770872592926,0.320442050695419,True,3.72456359863281,True,3.91400146484375
890,385.486891466667,True,-49.0634117126465,-32.497802734375,587.275024414063,True,10.7197799682617,-33.8426094055176,589.798461914063,True,94.8338928222656,192.761474609375,47.2796630859375,True,0.671800553798676,0.364550292491913,True,100.493789672852,201.335144042969,50.4001922607422,True,0.682054042816162,0.335165739059448,True,3.725341796875,True,3.93882751464844
891,385.488558133333,True,-49.1446914672852,-32.4926300048828,587.273559570313,True,10.6536712646484,-33.8258209228516,589.752807617188,True,89.9317016601563,190.415832519531,46.4258728027344,True,0.662919759750366,0.372589588165283,True,88.8208847045898,201.247833251953,50.3684234619141,True,0.660907447338104,0.335465013980865,True,3.7423095703125,True,3.85018920898438
892,385.4902248,True,-49.2244110107422,-32.4953384399414,587.46435546875,True,10.6019992828369,-33.8139495849609,589.82373046875,True,80.2781829833984,191.816009521484,46.9355239868164,True,0.645431458950043,0.367790699005127,True,91.121337890625,200.490753173828,50.0928726196289,True,0.66507488489151,0.338059723377228,True,3.74270629882813,True,3.93241882324219
893,385.491891466667,True,-49.3116569519043,-32.4940872192383,587.51416015625,True,10.5184774398804,-33.8057136535645,589.844116210938,True,75.6019439697266,191.974792480469,46.9932899475098,True,0.636960089206696,0.367246598005295,True,85.8436279296875,197.618896484375,49.0476303100586,True,0.655513823032379,0.347902417182922,True,3.74754333496094,True,3.94638061523438
894,385.493558133333,True,-49.3853607177734,-32.4913635253906,587.420104980469,True,10.4367637634277,-33.7994766235352,589.757568359375,True,68.5552062988281,195.373413085938,48.230297088623,True,0.624194204807281,0.355598390102386,True,76.9209365844727,197.148849487305,48.8765029907227,True,0.639349579811096,0.349513500928879,True,3.72822570800781,True,3.94361877441406
895,385.4952248,True,-49.4564743041992,-32.4743156433105,587.281616210938,True,10.3449859619141,-33.775016784668,589.811157226563,True,58.9034614562988,193.259948730469,47.4611053466797,True,0.606709122657776,0.362841844558716,True,67.1529083251953,196.492462158203,48.6375961303711,True,0.62165379524231,0.351763129234314,True,3.70985412597656,True,3.92509460449219
896,385.496891466667,True,-49.508544921875,-32.4573669433594,587.207885742188,True,10.2674980163574,-33.7532119750977,589.87255859375,True,46.8257751464844,194.540664672852,47.9272308349609,True,0.584829330444336,0.358452439308167,True,60.0259475708008,198.517700195313,49.3747024536133,True,0.608742713928223,0.34482204914093,True,3.70443725585938,True,3.9306640625
897,385.498558133333,True,-49.5785484313965,-32.4554023742676,587.06982421875,True,10.1838979721069,-33.7301025390625,589.806762695313,True,37.8957214355469,198.745712280273,49.4576950073242,True,0.568651676177979,0.34404057264328,True,50.1342926025391,198.923309326172,49.522388458252,True,0.590822994709015,0.343431770801544,True,3.67701721191406,True,3.93350219726563
898,385.5002248,True,-49.6785850524902,-32.4482383728027,587.100402832031,True,10.0978441238403,-33.7092742919922,589.777954101563,True,31.4594593048096,197.008728027344,48.8254928588867,True,0.556991815567017,0.349993765354156,True,40.3361129760742,198.926635742188,49.5235900878906,True,0.573072671890259,0.343420416116714,True,3.67781066894531,True,3.90756225585938
899,385.501891466667,True,-49.7712249755859,-32.4495849609375,587.295959472656,True,10.0010261535645,-33.7025680541992,589.890625,True,21.6996250152588,197.224578857422,48.9040489196777,True,0.539310932159424,0.349253952503204,True,33.4872665405273,200.227600097656,49.9970855712891,True,0.560665369033813,0.338961660861969,True,3.68325805664063,True,3.93092346191406
900,385.503558133333,True,-49.8506317138672,-32.4549713134766,587.40576171875,True,9.91848564147949,-33.6879501342773,589.984741210938,True,12.7178001403809,199.902618408203,49.8788146972656,True,0.523039519786835,0.340075492858887,True,23.4895515441895,203.763290405273,51.2839851379395,True,0.542553544044495,0.326843738555908,True,3.66427612304688,True,3.92289733886719
901,385.5052248,True,-49.907958984375,-32.4512977600098,587.21044921875,True,9.83403205871582,-33.6842346191406,589.935729980469,True,2.30861854553223,201.96696472168,50.6301879882813,True,0.5041823387146,0.333000302314758,True,15.5387058258057,199.681427001953,49.7982749938965,True,0.528149843215942,0.340833604335785,True,3.65753173828125,True,3.92669677734375
902,385.506891466667,True,-50.0102005004883,-32.4458236694336,587.359191894531,True,9.73167514801025,-33.677978515625,589.875427246094,True,-5.92233180999756,202.531661987305,50.835693359375,True,0.489271134138107,0.331064939498901,True,2.02539825439453,203.981536865234,51.3634414672852,True,0.503669202327728,0.326095700263977,True,3.65142822265625,True,3.88735961914063
903,385.508558133333,True,-50.1031494140625,-32.4541854858398,587.483337402344,True,9.64677238464355,-33.6646766662598,589.794677734375,True,-12.3142604827881,202.601959228516,50.8613166809082,True,0.477691560983658,0.330823957920074,True,-5.97182559967041,206.335205078125,52.2200622558594,True,0.489181488752365,0.318029046058655,True,3.63777160644531,True,3.90512084960938
904,385.5102248,True,-50.1810989379883,-32.4512100219727,587.422424316406,True,9.5463809967041,-33.6650428771973,590.007568359375,True,-21.7261772155762,204.354156494141,51.4990043640137,True,0.460641026496887,0.324818700551987,True,-18.0739517211914,205.876922607422,52.0533294677734,True,0.467257350683212,0.319599628448486,True,3.62336730957031,True,3.86543273925781
905,385.511891466667,True,-50.2751770019531,-32.4590911865234,587.631164550781,True,9.46657943725586,-33.6627922058105,589.92333984375,True,-29.8588428497314,205.309997558594,51.846923828125,True,0.445907920598984,0.321542710065842,True,-26.1110095977783,207.29931640625,52.5710105895996,True,0.452697485685349,0.314724743366241,True,3.62686157226563,True,3.89599609375
906,385.513558133333,True,-50.3625183105469,-32.4604263305664,587.88671875,True,9.37812805175781,-33.6535186767578,589.992370605469,True,-43.1800994873047,210.859710693359,53.866828918457,True,0.421775221824646,0.302522212266922,True,-35.8771667480469,209.161346435547,53.248706817627,True,0.435005128383636,0.30834299325943,True,3.61116027832031,True,3.88673400878906
907,385.5152248,True,-50.4128875732422,-32.4457626342773,587.6181640625,True,9.28717708587646,-33.6438446044922,590.188781738281,True,-52.3223152160645,210.552154541016,53.7549285888672,True,0.405213207006454,0.303576231002808,True,-46.1994552612305,211.670211791992,54.1618537902832,True,0.416305363178253,0.299744367599487,True,3.60386657714844,True,3.87265014648438
908,385.516891466667,True,-50.486011505127,-32.4450073242188,587.719787597656,True,9.20097732543945,-33.6422348022461,590.189697265625,True,-60.224723815918,210.733917236328,53.8210601806641,True,0.390897274017334,0.302953362464905,True,-57.126091003418,215.499542236328,55.5556259155273,True,0.396510720252991,0.286620080471039,True,3.59733581542969,True,3.86482238769531
909,385.518558133333,True,-50.5652351379395,-32.448371887207,587.783813476563,True,9.11078643798828,-33.6264266967773,590.102905273438,True,-66.1430435180664,211.450622558594,54.0819396972656,True,0.380175650119781,0.300496906042099,True,-67.0156097412109,216.740356445313,56.0072174072266,True,0.378594934940338,0.282367527484894,True,3.57962036132813,True,3.85153198242188
910,385.5202248,True,-50.6139984130859,-32.4496002197266,587.675903320313,True,9.02266311645508,-33.6236686706543,589.98046875,True,-75.784538269043,213.581024169922,54.8573455810547,True,0.362709194421768,0.293195426464081,True,-76.8002319335938,219.192916870117,56.8998718261719,True,0.360869169235229,0.273961752653122,True,3.579833984375,True,3.86196899414063
911,385.521891466667,True,-50.2724151611328,-32.4178619384766,587.649597167969,True,9.18137741088867,-33.5808715820313,589.966064453125,True,-98.7959823608398,218.737670898438,56.7341690063477,True,0.321021765470505,0.27552205324173,True,-91.8466415405273,218.158538818359,56.5234069824219,True,0.333611160516739,0.27750688791275,True,3.59159851074219,True,3.86970520019531
912,385.523558133333,True,-50.3436737060547,-32.4264793395996,587.722534179688,True,9.09109878540039,-33.5824661254883,589.882019042969,True,-105.554641723633,219.022613525391,56.8379020690918,True,0.308777838945389,0.274545460939407,True,-98.6771087646484,222.698028564453,58.1756591796875,True,0.321237146854401,0.261948645114899,True,3.59494018554688,True,3.88301086425781
913,385.5252248,True,-50.4086990356445,-32.4237251281738,587.85009765625,True,9.03376960754395,-33.5833015441895,589.807983398438,True,-116.337982177734,222.46614074707,58.0912475585938,True,0.289242804050446,0.262743443250656,True,-110.672424316406,223.109436035156,58.3253936767578,True,0.299506455659866,0.260538667440414,True,3.58651733398438,True,3.88523864746094
914,385.526891466667,True,-50.4827728271484,-32.4301681518555,587.976135253906,True,8.94851875305176,-33.5715866088867,589.868896484375,True,-124.553604125977,222.04069519043,57.9363403320313,True,0.274359434843063,0.264201670885086,True,-120.198066711426,225.015274047852,59.0190887451172,True,0.282249867916107,0.254006773233414,True,3.59147644042969,True,3.87965393066406
915,385.528558133333,True,-50.5233497619629,-32.4245414733887,587.812377929688,True,8.87937355041504,-33.5742340087891,590.036743164063,True,-132.512924194336,225.627090454102,59.2417526245117,True,0.259940385818481,0.251909911632538,True,-129.720367431641,225.822357177734,59.312858581543,True,0.264999359846115,0.251240611076355,True,3.58100891113281,True,3.87570190429688
916,385.5302248,True,-50.5869140625,-32.4275360107422,587.729675292969,True,8.78861236572266,-33.5696029663086,589.827331542969,True,-139.29280090332,225.984085083008,59.3716697692871,True,0.247657969594002,0.250686347484589,True,-136.092071533203,228.824844360352,60.405647277832,True,0.253456383943558,0.24095019698143,True,3.59915161132813,True,3.87489318847656
917,385.531891466667,True,-50.645435333252,-32.4323692321777,587.906372070313,True,8.7352352142334,-33.5731887817383,589.976318359375,True,-141.760955810547,224.323989868164,58.7675018310547,True,0.243186697363853,0.256375938653946,True,-145.321502685547,229.084991455078,60.5003051757813,True,0.236736387014389,0.24005863070488,True,3.5946044921875,True,3.88592529296875
918,385.533558133333,True,-50.6688461303711,-32.4168319702148,587.872802734375,True,8.67365741729736,-33.570384979248,589.86279296875,True,-147.630020141602,223.816970825195,58.5829582214355,True,0.232554316520691,0.258113652467728,True,-152.490646362305,231.435607910156,61.3559036254883,True,0.223748832941055,0.232002258300781,True,3.57780456542969,True,3.88322448730469
919,385.5352248,True,-50.7109184265137,-32.4274978637695,587.926635742188,True,8.61970615386963,-33.5693359375,589.927612304688,True,-153.092819213867,218.661102294922,56.7063751220703,True,0.222657904028893,0.275784343481064,True,-161.010513305664,236.077545166016,63.0454025268555,True,0.208314269781113,0.216093003749847,True,3.61320495605469,True,3.88356018066406
920,385.536891466667,True,-50.7415351867676,-32.4358291625977,587.818603515625,True,8.5678071975708,-33.5704879760742,589.851684570313,True,-158.528030395508,218.488250732422,56.643440246582,True,0.212811559438705,0.276376843452454,True,-165.118316650391,235.082244873047,62.683162689209,True,0.200872629880905,0.219504192471504,True,3.60362243652344,True,3.90687561035156
921,385.538558133333,True,-50.7688293457031,-32.4342727661133,587.760131835938,True,8.54537010192871,-33.5702590942383,589.844116210938,True,-163.863632202148,223.843948364258,58.5927200317383,True,0.203145578503609,0.258021235466003,True,-173.234313964844,234.682174682617,62.5375671386719,True,0.186169683933258,0.220875307917595,True,3.61279296875,True,3.91476440429688
922,385.5402248,True,-50.7851982116699,-32.4370460510254,587.714538574219,True,8.52263259887695,-33.569938659668,589.814208984375,True,-169.346893310547,225.985061645508,59.3719825744629,True,0.193212136626244,0.250683069229126,True,-179.197906494141,235.225128173828,62.7351493835449,True,0.175366103649139,0.219014495611191,True,3.61099243164063,True,3.93278503417969
923,385.541891466667,True,-50.7912139892578,-32.4422035217285,587.680969238281,True,8.50805950164795,-33.5695991516113,589.751770019531,True,-172.085510253906,223.07795715332,58.3139114379883,True,0.188250869512558,0.26064658164978,True,-184.301666259766,234.809234619141,62.5837860107422,True,0.16612021625042,0.220439910888672,True,3.64512634277344,True,3.94773864746094
924,385.543558133333,True,-50.8180923461914,-32.4392700195313,587.731506347656,True,8.50137710571289,-33.5719680786133,589.734619140625,True,-174.283996582031,225.406555175781,59.1614875793457,True,0.18426813185215,0.252665728330612,True,-186.370208740234,234.089691162109,62.321891784668,True,0.162372812628746,0.222905963659286,True,3.65895080566406,True,3.97709655761719
925,385.5452248,True,-50.8200874328613,-32.4436073303223,587.69970703125,True,8.50017929077148,-33.5704078674316,589.716125488281,True,-175.452285766602,222.701293945313,58.1768493652344,True,0.182151630520821,0.261937499046326,True,-187.410705566406,231.000305175781,61.1974678039551,True,0.160487830638885,0.233494147658348,True,3.65911865234375,True,4.00614929199219
926,385.546891466667,True,-50.8277168273926,-32.4417114257813,587.696594238281,True,8.49995040893555,-33.5689353942871,589.734558105469,True,-174.853897094727,223.911895751953,58.617488861084,True,0.183235689997673,0.257788330316544,True,-185.475891113281,231.883209228516,61.5187759399414,True,0.163992986083031,0.230468362569809,True,3.65069580078125,True,3.99874877929688
927,385.548558133333,True,-50.8415107727051,-32.4422225952148,587.705200195313,True,8.5026798248291,-33.5733642578125,589.73095703125,True,-172.597991943359,223.56916809082,58.4927368164063,True,0.18732251226902,0.258963018655777,True,-184.635131835938,231.074890136719,61.2245826721191,True,0.165516078472137,0.233238622546196,True,3.67243957519531,True,4.00665283203125
928,385.5502248,True,-50.834358215332,-32.4434967041016,587.585510253906,True,8.50305271148682,-33.573486328125,589.7451171875,True,-172.059600830078,223.584732055664,58.4983406066895,True,0.188297837972641,0.258909702301025,True,-181.141174316406,230.861297607422,61.146842956543,True,0.171845704317093,0.233970642089844,True,3.66557312011719,True,4.00927734375
929,385.551891466667,True,-50.8420867919922,-32.4456176757813,587.643798828125,True,8.50212383270264,-33.5724563598633,589.767333984375,True,-171.393661499023,222.732284545898,58.1880989074707,True,0.189504221081734,0.261831223964691,True,-179.079711914063,232.445251464844,61.7233657836914,True,0.175580233335495,0.228541970252991,True,3.65274047851563,True,3.99067687988281
930,385.553558133333,True,-50.8557891845703,-32.4435806274414,587.681701660156,True,8.50513172149658,-33.5768051147461,589.772216796875,True,-169.744125366211,224.596176147461,58.8664932250977,True,0.192492514848709,0.255443096160889,True,-178.509460449219,233.773864746094,62.2069320678711,True,0.176613301038742,0.223988384008408,True,3.67282104492188,True,4.00006103515625
931,385.5552248,True,-50.8587226867676,-32.4358749389648,587.735168457031,True,8.50948905944824,-33.5810928344727,589.785400390625,True,-167.228485107422,225.007034301758,59.0161247253418,True,0.197049871087074,0.254034996032715,True,-175.620986938477,231.4970703125,61.3782768249512,True,0.181846052408218,0.23179167509079,True,3.65232849121094,True,3.98143005371094
932,385.556891466667,True,-50.8598899841309,-32.4403076171875,587.713134765625,True,8.5073070526123,-33.5810928344727,589.788024902344,True,-165.016052246094,223.072784423828,58.3120956420898,True,0.201057881116867,0.260664254426956,True,-175.43034362793,234.108581542969,62.3287734985352,True,0.182191416621208,0.22284123301506,True,3.64016723632813,True,3.96737670898438
933,385.558558133333,True,-50.8563652038574,-32.4449195861816,587.67041015625,True,8.50752449035645,-33.5822677612305,589.791625976563,True,-164.793319702148,220.220703125,57.2740211486816,True,0.201461389660835,0.270439147949219,True,-173.933517456055,234.869491577148,62.6056976318359,True,0.184903055429459,0.220233380794525,True,3.64344787597656,True,3.96131896972656
934,385.5602248,True,-50.8606033325195,-32.4451599121094,587.661987304688,True,8.5109920501709,-33.5849533081055,589.798583984375,True,-164.917602539063,220.25895690918,57.287899017334,True,0.201236218214035,0.270308136940002,True,-172.808074951172,235.505722045898,62.8372650146484,True,0.186941921710968,0.218052834272385,True,3.65434265136719,True,3.95938110351563
935,385.561891466667,True,-50.8711776733398,-32.4422950744629,587.683349609375,True,8.50923347473145,-33.5905838012695,589.820434570313,True,-162.498062133789,222.096664428711,57.9568252563477,True,0.205619469285011,0.264009714126587,True,-171.82470703125,233.994384765625,62.2871932983398,True,0.188723370432854,0.2232326567173,True,3.62332153320313,True,3.93881225585938
936,385.563558133333,True,-50.8707237243652,-32.4401359558105,587.619445800781,True,8.50552749633789,-33.5821228027344,589.809204101563,True,-163.794616699219,223.375625610352,58.4223175048828,True,0.203270629048347,0.259626269340515,True,-172.113220214844,237.09326171875,63.4150619506836,True,0.188200682401657,0.212611898779869,True,3.63542175292969,True,3.93692016601563
937,385.5652248,True,-50.8753967285156,-32.4442901611328,587.627319335938,True,8.50321197509766,-33.5824584960938,589.806640625,True,-160.190155029297,222.265625,58.0182991027832,True,0.209800466895103,0.263430625200272,True,-171.456832885742,238.251617431641,63.8366928100586,True,0.189389795064926,0.208641767501831,True,3.61581420898438,True,3.92459106445313
938,385.566891466667,True,-50.8870735168457,-32.4426651000977,587.614074707031,True,8.50064849853516,-33.5838928222656,589.771118164063,True,-163.396469116211,224.751739501953,58.9231414794922,True,0.203991934657097,0.254909992218018,True,-170.577514648438,238.305450439453,63.8562927246094,True,0.190982729196548,0.208457320928574,True,3.60888671875,True,3.91664123535156
939,385.568558133333,True,-50.8835029602051,-32.4369621276855,587.578857421875,True,8.49438667297363,-33.5790367126465,589.779296875,True,-162.97721862793,224.339721679688,58.7731781005859,True,0.204751417040825,0.256322115659714,True,-171.191955566406,240.199752807617,64.545768737793,True,0.18986964225769,0.201964914798737,True,3.60328674316406,True,3.90055847167969
940,385.5702248,True,-50.8945426940918,-32.442512512207,587.610290527344,True,8.49144840240479,-33.5819282531738,589.786376953125,True,-164.669281005859,226.444213867188,59.5390930175781,True,0.201686128973961,0.249109387397766,True,-170.626647949219,238.940628051758,64.0874786376953,True,0.190893739461899,0.206280380487442,True,3.60697937011719,True,3.90113830566406
941,385.571891466667,True,-50.9065399169922,-32.4415016174316,587.615783691406,True,8.48704147338867,-33.5800323486328,589.806396484375,True,-161.089569091797,227.597396850586,59.9589042663574,True,0.208171039819717,0.245156973600388,True,-170.523834228516,240.712783813477,64.7324829101563,True,0.191080033779144,0.200206726789474,True,3.59353637695313,True,3.88227844238281
942,385.573558133333,True,-50.9090118408203,-32.4367179870605,587.61669921875,True,8.48524475097656,-33.5811309814453,589.794921875,True,-162.338989257813,229.322494506836,60.5867042541504,True,0.205907642841339,0.239244714379311,True,-170.198211669922,240.033279418945,64.4852066040039,True,0.191669911146164,0.20253549516201,True,3.57783508300781,True,3.88264465332031
943,385.5752248,True,-50.9143104553223,-32.447322845459,587.618103027344,True,8.48305702209473,-33.5828018188477,589.79931640625,True,-160.44856262207,224.925506591797,58.9864082336426,True,0.209332346916199,0.254314452409744,True,-168.803649902344,239.218292236328,64.1885375976563,True,0.194196313619614,0.205328702926636,True,3.58892822265625,True,3.88966369628906
944,385.576891466667,True,-50.9217224121094,-32.4406967163086,587.6298828125,True,8.47676658630371,-33.5812835693359,589.7607421875,True,-162.755554199219,227.707733154297,59.9990577697754,True,0.205153003334999,0.244778826832771,True,-168.551254272461,238.97233581543,64.099006652832,True,0.194653481245041,0.206171646714211,True,3.58602905273438,True,3.89309692382813
945,385.578558133333,True,-50.9242935180664,-32.4441184997559,587.615539550781,True,8.47466468811035,-33.5838394165039,589.77978515625,True,-161.204055786133,227.115997314453,59.7836570739746,True,0.207963675260544,0.24680694937706,True,-167.274139404297,239.467788696289,64.2793731689453,True,0.196967154741287,0.204473614692688,True,3.58369445800781,True,3.881591796875
946,385.5802248,True,-50.920467376709,-32.4452972412109,587.599060058594,True,8.47276973724365,-33.5881881713867,589.790832519531,True,-161.178909301758,225.420135498047,59.166389465332,True,0.208009243011475,0.252619236707687,True,-166.673461914063,238.560440063477,63.9490737915039,True,0.198055356740952,0.207583412528038,True,3.58206176757813,True,3.88565063476563
947,385.581891466667,True,-50.9300956726074,-32.4458236694336,587.601623535156,True,8.46880435943604,-33.5876045227051,589.81298828125,True,-159.765426635742,225.411224365234,59.163200378418,True,0.210569888353348,0.252649784088135,True,-166.778564453125,239.817962646484,64.4067840576172,True,0.197864904999733,0.203273475170135,True,3.587158203125,True,3.87701416015625
948,385.583558133333,True,-50.9382858276367,-32.4453811645508,587.587463378906,True,8.46201324462891,-33.5886840820313,589.704040527344,True,-159.839782714844,227.81494140625,60.0380783081055,True,0.210435166954994,0.244411438703537,True,-163.365509033203,237.786804199219,63.6675415039063,True,0.204048007726669,0.210234820842743,True,3.58029174804688,True,3.88108825683594
949,385.5852248,True,-50.9428100585938,-32.4450950622559,587.585144042969,True,8.45917892456055,-33.594123840332,589.744323730469,True,-158.151794433594,226.976577758789,59.7329368591309,True,0.213493153452873,0.247284799814224,True,-163.199691772461,238.812225341797,64.0407562255859,True,0.204348385334015,0.206720441579819,True,3.5694580078125,True,3.87617492675781
950,385.586891466667,True,-50.940601348877,-32.4495086669922,587.601135253906,True,8.45831680297852,-33.5918464660645,589.769165039063,True,-158.842346191406,224.387130737305,58.7903900146484,True,0.212242111563683,0.256159693002701,True,-163.120697021484,236.825897216797,63.3177719116211,True,0.204491510987282,0.213528215885162,True,3.59136962890625,True,3.88568115234375
951,385.588558133333,True,-50.9562072753906,-32.441291809082,587.601318359375,True,8.4542121887207,-33.5913543701172,589.80126953125,True,-159.382125854492,228.788238525391,60.3923034667969,True,0.211264252662659,0.24107563495636,True,-163.823608398438,238.477462768555,63.9189453125,True,0.203218087553978,0.207867637276649,True,3.56755065917969,True,3.87338256835938
952,385.5902248,True,-50.955192565918,-32.441967010498,587.561950683594,True,8.45255279541016,-33.5921936035156,589.797241210938,True,-158.890213012695,228.224502563477,60.1870803833008,True,0.212155401706696,0.243007808923721,True,-163.495910644531,239.595626831055,64.3258972167969,True,0.203811764717102,0.204035431146622,True,3.55581665039063,True,3.86701965332031
953,385.591891466667,True,-50.9625015258789,-32.442325592041,587.580749511719,True,8.45006561279297,-33.5899238586426,589.81884765625,True,-158.122695922852,229.39892578125,60.6145477294922,True,0.213545843958855,0.238982737064362,True,-162.345169067383,237.826751708984,63.6820678710938,True,0.205896437168121,0.210097953677177,True,3.55902099609375,True,3.87448120117188
954,385.593558133333,True,-50.9699325561523,-32.4438209533691,587.594543457031,True,8.44553184509277,-33.5934524536133,589.816772460938,True,-157.94482421875,228.887481689453,60.4283866882324,True,0.213868081569672,0.240735650062561,True,-163.034210205078,238.013153076172,63.7499046325684,True,0.204648166894913,0.209459036588669,True,3.56459045410156,True,3.87081909179688
955,385.5952248,True,-50.9765014648438,-32.4476661682129,587.616271972656,True,8.441162109375,-33.5937614440918,589.783935546875,True,-157.21452331543,227.941131591797,60.0839729309082,True,0.21519111096859,0.243979021906853,True,-162.109619140625,238.878082275391,64.0647201538086,True,0.206323131918907,0.206494688987732,True,3.55812072753906,True,3.86538696289063
956,385.596891466667,True,-50.9814338684082,-32.4459533691406,587.597534179688,True,8.43913841247559,-33.5971412658691,589.770263671875,True,-157.297470092773,230.139694213867,60.8841857910156,True,0.215040817856789,0.236443817615509,True,-161.117156982422,236.567077636719,63.2235946655273,True,0.208121091127396,0.214415192604065,True,3.55516052246094,True,3.86654663085938
957,385.598558133333,True,-50.9845199584961,-32.4493064880371,587.6162109375,True,8.43569374084473,-33.598518371582,589.77099609375,True,-155.714950561523,226.960784912109,59.7271842956543,True,0.217907682061195,0.247338935732841,True,-160.735534667969,235.222595214844,62.7342224121094,True,0.208812460303307,0.219023168087006,True,3.55622863769531,True,3.87139892578125
958,385.6002248,True,-50.982479095459,-32.4493942260742,587.559936523438,True,8.42927742004395,-33.5973739624023,589.752319335938,True,-157.14306640625,227.648452758789,59.9774742126465,True,0.215320527553558,0.244982033967972,True,-160.968658447266,236.880126953125,63.337532043457,True,0.208390131592751,0.21334233880043,True,3.56318664550781,True,3.86898803710938
959,385.601891466667,True,-50.9986038208008,-32.4550476074219,587.60693359375,True,8.42498588562012,-33.5978622436523,589.7490234375,True,-157.486694335938,225.77978515625,59.2973480224609,True,0.214698001742363,0.25138646364212,True,-159.755081176758,237.857543945313,63.6932411193848,True,0.210588604211807,0.209992453455925,True,3.57341003417969,True,3.86372375488281
960,385.603558133333,True,-51.0028953552246,-32.4552230834961,587.629943847656,True,8.42264175415039,-33.6015129089355,589.728149414063,True,-156.185577392578,226.851196289063,59.6872863769531,True,0.217055127024651,0.247714534401894,True,-159.466522216797,236.431900024414,63.1743774414063,True,0.211111381649971,0.214878529310226,True,3.56875610351563,True,3.86856079101563
961,385.6052248,True,-51.0037956237793,-32.4534797668457,587.55517578125,True,8.4180908203125,-33.6009330749512,589.721557617188,True,-157.409057617188,228.123718261719,60.1503715515137,True,0.214838653802872,0.243353307247162,True,-160.838150024414,235.845932006836,62.961124420166,True,0.208626568317413,0.216886803507805,True,3.56243896484375,True,3.86727905273438
962,385.606891466667,True,-51.0075912475586,-32.457275390625,587.591552734375,True,8.41568946838379,-33.5994338989258,589.738220214844,True,-154.990097045898,227.303512573242,59.8519020080566,True,0.219220787286758,0.246164292097092,True,-159.210754394531,236.358871459961,63.1477813720703,True,0.211574748158455,0.215128839015961,True,3.5516357421875,True,3.86712646484375
963,385.608558133333,True,-51.0100517272949,-32.4569892883301,587.574340820313,True,8.40957260131836,-33.6005592346191,589.721923828125,True,-156.831787109375,227.194808959961,59.8124046325684,True,0.215884432196617,0.246536761522293,True,-158.476837158203,237.365112304688,63.5139961242676,True,0.212904304265976,0.211680188775063,True,3.57389831542969,True,3.86959838867188
964,385.6102248,True,-51.0194396972656,-32.4584655761719,587.59765625,True,8.40717697143555,-33.6033020019531,589.695495605469,True,-156.824829101563,227.462951660156,59.9099388122559,True,0.215897038578987,0.245617806911469,True,-159.266204833984,235.799682617188,62.9442596435547,True,0.211474254727364,0.217045307159424,True,3.56710815429688,True,3.87051391601563
965,385.611891466667,True,-51.0255012512207,-32.4561920166016,587.571838378906,True,8.40181922912598,-33.6037101745605,589.705810546875,True,-156.337554931641,230.193649291992,60.9038124084473,True,0.216779798269272,0.236258983612061,True,-158.257232666016,235.930572509766,62.9919128417969,True,0.213302135467529,0.216596752405167,True,3.54949951171875,True,3.86473083496094
966,385.613558133333,True,-51.0189437866211,-32.4651756286621,587.543151855469,True,8.3982105255127,-33.6078643798828,589.692626953125,True,-157.041885375977,224.904037475586,58.9785804748535,True,0.215503841638565,0.254388034343719,True,-158.546127319336,235.5087890625,62.8383712768555,True,0.212778776884079,0.218042343854904,True,3.58601379394531,True,3.86619567871094
967,385.6152248,True,-51.0351905822754,-32.4592704772949,587.584411621094,True,8.39304637908936,-33.6007194519043,589.6845703125,True,-154.723602294922,228.782531738281,60.3902740478516,True,0.2197035998106,0.24109511077404,True,-158.500274658203,237.419494628906,63.5338363647461,True,0.212861835956573,0.211493700742722,True,3.55133056640625,True,3.85087585449219
968,385.616891466667,True,-51.0426330566406,-32.4640426635742,587.586120605469,True,8.39119243621826,-33.6058006286621,589.680358886719,True,-155.37809753418,228.170135498047,60.1673851013184,True,0.218517959117889,0.243194058537483,True,-159.126525878906,236.408615112305,63.1659088134766,True,0.211727350950241,0.214958369731903,True,3.54579162597656,True,3.86138916015625
969,385.618558133333,True,-51.0575103759766,-32.4609489440918,587.618408203125,True,8.38760375976563,-33.6077690124512,589.68017578125,True,-154.089416503906,230.772552490234,61.1145477294922,True,0.220852494239807,0.234274819493294,True,-158.822601318359,237.288879394531,63.4863166809082,True,0.21227790415287,0.211941346526146,True,3.53854370117188,True,3.86245727539063
970,385.6202248,True,-51.0471267700195,-32.472412109375,587.575988769531,True,8.38331985473633,-33.6080169677734,589.697448730469,True,-156.357437133789,225.784393310547,59.298999786377,True,0.216743767261505,0.2513707280159,True,-158.110794067383,235.012725830078,62.6578521728516,True,0.213567435741425,0.219742506742477,True,3.55889892578125,True,3.85612487792969
971,385.621891466667,True,-51.059455871582,-32.4665069580078,587.600158691406,True,8.37763404846191,-33.6110725402832,589.685180664063,True,-154.376983642578,229.375335693359,60.6059875488281,True,0.220331534743309,0.239063456654549,True,-158.600036621094,236.355667114258,63.1466331481934,True,0.212681084871292,0.215139761567116,True,3.54879760742188,True,3.856201171875
972,385.623558133333,True,-51.0618896484375,-32.471607208252,587.596557617188,True,8.3725414276123,-33.6114730834961,589.65576171875,True,-154.495330810547,227.38916015625,59.8830642700195,True,0.220117166638374,0.24587082862854,True,-157.773849487305,236.736480712891,63.2852172851563,True,0.214177817106247,0.213834673166275,True,3.55126953125,True,3.85604858398438
973,385.6252248,True,-51.0722198486328,-32.4707527160645,587.61572265625,True,8.37061977386475,-33.6150131225586,589.678833007813,True,-154.626007080078,229.007659912109,60.4721565246582,True,0.219880446791649,0.24032373726368,True,-158.003540039063,234.71875,62.5508575439453,True,0.21376171708107,0.220749974250793,True,3.54803466796875,True,3.86508178710938
974,385.626891466667,True,-51.0788040161133,-32.4760131835938,587.629699707031,True,8.36491107940674,-33.610595703125,589.654296875,True,-154.024475097656,226.712951660156,59.6369438171387,True,0.220970153808594,0.248188346624374,True,-158.303588867188,236.866088867188,63.3324317932129,True,0.213218152523041,0.213390409946442,True,3.56077575683594,True,3.85887145996094
975,385.628558133333,True,-51.0765533447266,-32.4691772460938,587.617736816406,True,8.3563175201416,-33.6178092956543,589.658935546875,True,-152.995330810547,229.719375610352,60.7312126159668,True,0.222834527492523,0.237884402275085,True,-156.164947509766,235.936859130859,62.9942016601563,True,0.217092528939247,0.21657520532608,True,3.53244018554688,True,3.86174011230469
976,385.6302248,True,-51.0866355895996,-32.4789543151855,587.629333496094,True,8.35145854949951,-33.6192626953125,589.609680175781,True,-154.083282470703,227.208267211914,59.817268371582,True,0.220863625407219,0.246490657329559,True,-156.27197265625,236.151245117188,63.0722351074219,True,0.216898590326309,0.215840429067612,True,3.55630493164063,True,3.85133361816406
977,385.631891466667,True,-51.0956382751465,-32.4801902770996,587.643493652344,True,8.34564018249512,-33.6175346374512,589.583129882813,True,-152.923080444336,227.758422851563,60.0174865722656,True,0.222965404391289,0.244605138897896,True,-155.586959838867,235.486663818359,62.830322265625,True,0.218139559030533,0.218118190765381,True,3.54179382324219,True,3.85600280761719
978,385.633558133333,True,-51.1002044677734,-32.4821014404297,587.679504394531,True,8.33999633789063,-33.6213226318359,589.611694335938,True,-153.870330810547,227.333206176758,59.8627281188965,True,0.221249401569366,0.246062487363815,True,-154.885040283203,237.010711669922,63.3850784301758,True,0.219411194324493,0.212894707918167,True,3.54336547851563,True,3.84776306152344
979,385.6352248,True,-51.1012001037598,-32.4894485473633,587.651489257813,True,8.33660125732422,-33.6229515075684,589.634643554688,True,-152.347320556641,225.443389892578,59.1748352050781,True,0.224008485674858,0.252539604902267,True,-155.86540222168,235.787933349609,62.9400100708008,True,0.217635110020638,0.217085540294647,True,3.54908752441406,True,3.8555908203125
980,385.636891466667,True,-51.1063957214355,-32.4868011474609,587.661926269531,True,8.33404636383057,-33.6224670410156,589.694702148438,True,-153.310516357422,227.594787597656,59.957950592041,True,0.222263589501381,0.24516598880291,True,-156.185638427734,237.3134765625,63.4952774047852,True,0.217055022716522,0.211857035756111,True,3.54244995117188,True,3.84429931640625
981,385.638558133333,True,-51.1307258605957,-32.4948501586914,587.797241210938,True,8.33116245269775,-33.6221961975098,589.684387207031,True,-149.192993164063,225.982864379883,59.3712463378906,True,0.229722812771797,0.250690490007401,True,-156.877807617188,236.690872192383,63.2686233520508,True,0.21580109000206,0.21399100124836,True,3.54365539550781,True,3.84982299804688
982,385.6402248,True,-51.1332168579102,-32.4981422424316,587.785766601563,True,8.32546043395996,-33.6349334716797,589.713012695313,True,-149.780349731445,226.201232910156,59.4506759643555,True,0.228658765554428,0.249942153692245,True,-155.953018188477,235.174865722656,62.7168655395508,True,0.217476427555084,0.219186753034592,True,3.54954528808594,True,3.86349487304688
983,385.641891466667,True,-51.1314582824707,-32.4995613098145,587.749145507813,True,8.32003593444824,-33.6306457519531,589.708618164063,True,-150.257720947266,225.233093261719,59.098316192627,True,0.227794006466866,0.253260254859924,True,-154.809448242188,236.402191162109,63.1635818481445,True,0.219548106193542,0.214980319142342,True,3.55076599121094,True,3.85346984863281
984,385.643558133333,True,-51.1434288024902,-32.4978561401367,587.747863769531,True,8.31636428833008,-33.6292953491211,589.709716796875,True,-151.411773681641,227.68798828125,59.9918518066406,True,0.225703313946724,0.244846522808075,True,-157.168060302734,237.140396118164,63.4322128295898,True,0.215275257825851,0.212450325489044,True,3.55177307128906,True,3.85552978515625
985,385.6452248,True,-51.1379203796387,-32.5022010803223,587.706604003906,True,8.31320571899414,-33.6374931335449,589.707275390625,True,-150.264617919922,224.638946533203,58.8820838928223,True,0.227781534194946,0.255296587944031,True,-155.893859863281,236.421569824219,63.1706085205078,True,0.217583566904068,0.214913934469223,True,3.55522155761719,True,3.86050415039063
986,385.646891466667,True,-51.1363563537598,-32.4955291748047,587.660095214844,True,8.30961418151855,-33.6410293579102,589.714538574219,True,-151.829391479492,227.344375610352,59.8667678833008,True,0.224946767091751,0.246024325489998,True,-156.116027832031,235.681259155273,62.9011764526367,True,0.217181116342545,0.217451155185699,True,3.54611206054688,True,3.85940551757813
987,385.648558133333,True,-51.1399765014648,-32.5046424865723,587.645080566406,True,8.30438709259033,-33.6404724121094,589.723999023438,True,-150.921752929688,224.767547607422,58.9288711547852,True,0.226591035723686,0.254855871200562,True,-155.801696777344,235.627075195313,62.8814163208008,True,0.217750579118729,0.217636972665787,True,3.54934692382813,True,3.85220336914063
988,385.6502248,True,-51.1476173400879,-32.507682800293,587.606079101563,True,8.29652976989746,-33.6402740478516,589.697387695313,True,-151.966903686523,226.401672363281,59.5236778259277,True,0.224697634577751,0.249255150556564,True,-157.120697021484,237.367156982422,63.5147933959961,True,0.215361028909683,0.211673095822334,True,3.52949523925781,True,3.85331726074219
989,385.651891466667,True,-51.1540145874023,-32.5091247558594,587.633178710938,True,8.29351139068604,-33.648078918457,589.698486328125,True,-151.315811157227,228.404891967773,60.252799987793,True,0.225877165794373,0.242389470338821,True,-155.121383666992,234.916046142578,62.622673034668,True,0.218982979655266,0.220073729753494,True,3.53096008300781,True,3.85026550292969
990,385.653558133333,True,-51.1609420776367,-32.5132293701172,587.587341308594,True,8.28666400909424,-33.6483688354492,589.726928710938,True,-151.057052612305,227.226257324219,59.8237648010254,True,0.226345911622047,0.246429085731506,True,-155.21501159668,236.3916015625,63.1596946716309,True,0.218813389539719,0.215016663074493,True,3.53530883789063,True,3.85055541992188
991,385.6552248,True,-51.1623611450195,-32.5169105529785,587.561279296875,True,8.279221534729,-33.6420288085938,589.732482910156,True,-152.324905395508,226.963729858398,59.7282791137695,True,0.224049061536789,0.247328743338585,True,-155.464935302734,238.299530029297,63.8541488647461,True,0.218360632658005,0.208477646112442,True,3.54255676269531,True,3.84111022949219
992,385.656891466667,True,-51.1736755371094,-32.5202827453613,587.597229003906,True,8.27350521087646,-33.653694152832,589.703247070313,True,-153.298110961914,226.923248291016,59.7134437561035,True,0.222286030650139,0.247467696666718,True,-155.491760253906,236.535568237305,63.2121200561523,True,0.218312054872513,0.21452322602272,True,3.5450439453125,True,3.85005187988281
993,385.658558133333,True,-51.1858367919922,-32.5251312255859,587.637512207031,True,8.26910591125488,-33.654354095459,589.68212890625,True,-151.865982055664,227.010711669922,59.745288848877,True,0.2248804718256,0.247167855501175,True,-154.925903320313,234.702362060547,62.5448341369629,True,0.21933713555336,0.220806181430817,True,3.55882263183594,True,3.85060119628906
994,385.6602248,True,-51.1943511962891,-32.5289916992188,587.657470703125,True,8.2621955871582,-33.654899597168,589.663818359375,True,-151.305221557617,226.926147460938,59.7145767211914,True,0.225896328687668,0.24745762348175,True,-155.308212280273,235.688629150391,62.9038391113281,True,0.218644559383392,0.217426031827927,True,3.55477905273438,True,3.8541259765625
995,385.661891466667,True,-51.2009506225586,-32.5326271057129,587.681274414063,True,8.25862503051758,-33.6590728759766,589.651000976563,True,-150.796936035156,226.341430664063,59.5017509460449,True,0.226817101240158,0.249461561441422,True,-154.666946411133,235.622894287109,62.8799591064453,True,0.219806239008904,0.217651218175888,True,3.5423583984375,True,3.84756469726563
996,385.663558133333,True,-51.2009468078613,-32.5412406921387,587.700378417969,True,8.25069141387939,-33.6577072143555,589.683227539063,True,-149.636962890625,221.917434692383,57.8915863037109,True,0.228918522596359,0.264623910188675,True,-154.633728027344,236.359527587891,63.1480560302734,True,0.219866439700127,0.215126514434814,True,3.56303405761719,True,3.85684204101563
997,385.6652248,True,-51.2102088928223,-32.539981842041,587.675354003906,True,8.24888706207275,-33.6629180908203,589.632080078125,True,-149.105499267578,225.668991088867,59.2570152282715,True,0.229881331324577,0.251766204833984,True,-154.565368652344,234.036041259766,62.3023529052734,True,0.219990268349648,0.223089933395386,True,3.54147338867188,True,3.85826110839844
998,385.666891466667,True,-51.2101211547852,-32.546817779541,587.578063964844,True,8.24341011047363,-33.6627044677734,589.637451171875,True,-150.001693725586,222.647613525391,58.1573028564453,True,0.228257820010185,0.262121498584747,True,-155.087493896484,236.083908081055,63.047721862793,True,0.219044417142868,0.216071233153343,True,3.55998229980469,True,3.84477233886719
999,385.668558133333,True,-51.2128219604492,-32.5429382324219,587.596618652344,True,8.23773288726807,-33.6654586791992,589.66064453125,True,-150.023330688477,226.070358276367,59.4030456542969,True,0.228218615055084,0.250390738248825,True,-154.646575927734,235.496368408203,62.8338775634766,True,0.219843119382858,0.218084871768951,True,3.53826904296875,True,3.85653686523438
1000,385.6702248,True,-51.2291603088379,-32.5424156188965,587.684143066406,True,8.23403453826904,-33.6676445007324,589.669738769531,True,-147.983459472656,225.615219116211,59.2374458312988,True,0.231914058327675,0.251950562000275,True,-154.077774047852,233.737350463867,62.193675994873,True,0.220873594284058,0.224113583564758,True,3.54048156738281,True,3.84849548339844
1001,385.671891466667,True,-51.2363891601563,-32.5461273193359,587.70263671875,True,8.22673606872559,-33.6678848266602,589.689392089844,True,-147.305679321289,225.212280273438,59.0907707214355,True,0.233141899108887,0.253331571817398,True,-153.963516235352,233.709197998047,62.1834182739258,True,0.22108057141304,0.224210008978844,True,3.54249572753906,True,3.85881042480469
1002,385.673558133333,True,-51.2391662597656,-32.5500946044922,587.702941894531,True,8.22589588165283,-33.6667098999023,589.635009765625,True,-148.669296264648,224.514709472656,58.8369178771973,True,0.230671554803848,0.255722314119339,True,-154.681167602539,235.76936340332,62.9332275390625,True,0.219780474901199,0.217149257659912,True,3.5416259765625,True,3.85440063476563
1003,385.6752248,True,-51.2446784973145,-32.5517196655273,587.758666992188,True,8.22104072570801,-33.664478302002,589.63818359375,True,-149.399429321289,224.472915649414,58.8216896057129,True,0.229348883032799,0.255865544080734,True,-154.427947998047,236.518524169922,63.2059097290039,True,0.220239222049713,0.214581713080406,True,3.55453491210938,True,3.84507751464844
1004,385.676891466667,True,-51.2450141906738,-32.5508804321289,587.735107421875,True,8.21658420562744,-33.665828704834,589.648559570313,True,-150.503723144531,224.949020385742,58.9950103759766,True,0.227348357439041,0.254233717918396,True,-154.455139160156,235.780731201172,62.9373474121094,True,0.220189973711967,0.217110306024551,True,3.54541015625,True,3.85310363769531
1005,385.678558133333,True,-51.2556991577148,-32.5556945800781,587.768737792969,True,8.21368789672852,-33.6694946289063,589.668884277344,True,-148.782348632813,225.699905395508,59.2682838439941,True,0.230466768145561,0.251660287380219,True,-154.055282592773,231.187561035156,61.2655715942383,True,0.220914363861084,0.232852548360825,True,3.53025817871094,True,3.87167358398438
1006,385.6802248,True,-51.2511901855469,-32.5660018920898,587.695129394531,True,8.2081880569458,-33.6727066040039,589.664245605469,True,-149.846298217773,223.653121948242,58.5233268737793,True,0.228539317846298,0.258675247430801,True,-154.116607666016,236.714996337891,63.2774276733398,True,0.2208032310009,0.213908299803734,True,3.5546875,True,3.85214233398438
1007,385.681891466667,True,-51.2461280822754,-32.5677490234375,587.611938476563,True,8.20578384399414,-33.6735343933105,589.643798828125,True,-151.870422363281,225.605270385742,59.2337799072266,True,0.224872395396233,0.251984685659409,True,-156.132064819336,235.838363647461,62.9583511352539,True,0.217152029275894,0.216912716627121,True,3.5572509765625,True,3.85269165039063
1008,385.683558133333,True,-51.2514343261719,-32.5712432861328,587.616943359375,True,8.19925117492676,-33.6678771972656,589.693237304688,True,-151.231506347656,224.419372558594,58.8022079467773,True,0.226029843091965,0.256049007177353,True,-155.189315795898,236.330993652344,63.1376495361328,True,0.218859925866127,0.215224370360374,True,3.54461669921875,True,3.84312438964844
1009,385.6852248,True,-51.2600250244141,-32.5697288513184,587.621337890625,True,8.19799613952637,-33.6727447509766,589.685607910156,True,-151.462677001953,227.162399291992,59.8004951477051,True,0.225611090660095,0.246647894382477,True,-155.781860351563,234.842010498047,62.5956916809082,True,0.217786490917206,0.220327541232109,True,3.53559875488281,True,3.84886169433594
1010,385.686891466667,True,-51.2743339538574,-32.573299407959,587.641540527344,True,8.19064044952393,-33.6754455566406,589.709899902344,True,-151.492645263672,228.330612182617,60.2257652282715,True,0.225556820631027,0.242644026875496,True,-155.512359619141,236.204223632813,63.0915184020996,True,0.218274682760239,0.215658783912659,True,3.54740905761719,True,3.84423828125
1011,385.688558133333,True,-51.2760429382324,-32.5739517211914,587.647216796875,True,8.18671417236328,-33.6767387390137,589.710144042969,True,-151.589904785156,228.311813354492,60.2189483642578,True,0.225380584597588,0.242708504199982,True,-155.133728027344,237.158889770508,63.4389381408691,True,0.218960642814636,0.21238699555397,True,3.54847717285156,True,3.84242248535156
1012,385.6902248,True,-51.2775840759277,-32.5822639465332,587.623962402344,True,8.18422603607178,-33.6823081970215,589.73388671875,True,-149.888275146484,224.952392578125,58.9961853027344,True,0.228463292121887,0.254222273826599,True,-154.603118896484,233.3564453125,62.0550003051758,True,0.219921872019768,0.225418955087662,True,3.55313110351563,True,3.85751342773438
1013,385.691891466667,True,-51.2928466796875,-32.5852279663086,587.631225585938,True,8.17433643341064,-33.6809921264648,589.792846679688,True,-151.028381347656,226.769592285156,59.6576080322266,True,0.226397886872292,0.24799408018589,True,-154.069030761719,235.711944580078,62.9123191833496,True,0.220889434218407,0.217346101999283,True,3.54281616210938,True,3.84556579589844
1014,385.693558133333,True,-51.304759979248,-32.5903053283691,587.630920410156,True,8.16186904907227,-33.676097869873,589.699523925781,True,-151.043533325195,226.672515869141,59.6222724914551,True,0.226370453834534,0.248326912522316,True,-153.081436157227,237.485122680664,63.5577201843262,True,0.222678542137146,0.211268812417984,True,3.54914855957031,True,3.84288024902344
1015,385.6952248,True,-51.3143196105957,-32.6021575927734,587.637023925781,True,8.15253448486328,-33.6798286437988,589.657531738281,True,-149.040069580078,222.668304443359,58.1648559570313,True,0.229999870061874,0.262050479650497,True,-155.013702392578,234.566650390625,62.495491027832,True,0.219178050756454,0.221271306276321,True,3.56338500976563,True,3.85066223144531
1016,385.696891466667,True,-51.3473777770996,-32.6041450500488,587.719421386719,True,8.13509178161621,-33.6853866577148,589.642578125,True,-150.817352294922,228.073638916016,60.1322326660156,True,0.22678017616272,0.243524745106697,True,-153.847320556641,234.642578125,62.5231246948242,True,0.221291080117226,0.221011012792587,True,3.54257202148438,True,3.85591125488281
1017,385.698558133333,True,-51.3733062744141,-32.6119232177734,587.765930175781,True,8.11732482910156,-33.6977310180664,589.694702148438,True,-152.784149169922,228.864151000977,60.4199485778809,True,0.223217144608498,0.240815564990044,True,-156.087524414063,233.243133544922,62.0137481689453,True,0.21723273396492,0.225807324051857,True,3.54252624511719,True,3.8568115234375
1018,385.7002248,True,-51.3740196228027,-32.6238136291504,587.716491699219,True,8.09130764007568,-33.7004852294922,589.670532226563,True,-154.477752685547,224.737991333008,58.9181251525879,True,0.220149040222168,0.25495707988739,True,-156.782623291016,235.631866455078,62.883186340332,True,0.215973526239395,0.217620506882668,True,3.55110168457031,True,3.8631591796875
1019,385.701891466667,True,-51.3813705444336,-32.639102935791,587.642883300781,True,8.05513477325439,-33.7011566162109,589.533813476563,True,-159.112808227539,221.46028137207,57.72509765625,True,0.211752220988274,0.26619091629982,True,-157.458160400391,233.758911132813,62.2014961242676,True,0.214749753475189,0.224039673805237,True,3.567626953125,True,3.86094665527344
1020,385.703558133333,True,-51.3899955749512,-32.6439628601074,587.55517578125,True,8.0326976776123,-33.705638885498,589.600708007813,True,-163.305877685547,222.159378051758,57.9795989990234,True,0.204156026244164,0.263794779777527,True,-159.125579833984,230.992462158203,61.1945953369141,True,0.211729019880295,0.23352113366127,True,3.57211303710938,True,3.87417602539063
1021,385.7052248,True,-51.4228553771973,-32.6551475524902,587.624816894531,True,8.0127010345459,-33.7063064575195,589.63525390625,True,-165.758438110352,223.117645263672,58.3283882141113,True,0.199712961912155,0.260510563850403,True,-163.820770263672,231.185150146484,61.2647323608398,True,0.203223243355751,0.232860743999481,True,3.5787353515625,True,3.87635803222656
1022,385.706891466667,True,-51.4599990844727,-32.6595268249512,587.693908691406,True,7.99151992797852,-33.7168960571289,589.657104492188,True,-167.728958129883,227.910629272461,60.0728797912598,True,0.196143165230751,0.244083434343338,True,-166.909423828125,230.738372802734,61.1021270751953,True,0.197627872228622,0.234391927719116,True,3.55224609375,True,3.8834228515625
1023,385.708558133333,True,-51.4664726257324,-32.6756744384766,587.653442382813,True,7.9681224822998,-33.7189521789551,589.669799804688,True,-170.92414855957,223.19255065918,58.3556632995605,True,0.190354779362679,0.260253757238388,True,-169.143600463867,231.614501953125,61.421012878418,True,0.193580448627472,0.231389194726944,True,3.57752990722656,True,3.87705993652344
1024,385.7102248,True,-51.4792022705078,-32.6836128234863,587.628540039063,True,7.94485759735107,-33.7128257751465,589.611450195313,True,-171.302551269531,223.469818115234,58.45654296875,True,0.189669281244278,0.259303599596024,True,-169.753936767578,232.785125732422,61.8470344543457,True,0.192474737763405,0.227377116680145,True,3.56881713867188,True,3.86811828613281
1025,385.711891466667,True,-51.486156463623,-32.6882820129395,587.599731445313,True,7.9280366897583,-33.7176742553711,589.554931640625,True,-174.535888671875,223.612380981445,58.5084533691406,True,0.183811783790588,0.258814871311188,True,-171.164489746094,231.983489990234,61.5552368164063,True,0.189919412136078,0.230124711990356,True,3.57437133789063,True,3.87431335449219
1026,385.713558133333,True,-51.4884567260742,-32.6891441345215,587.571228027344,True,7.92098903656006,-33.722770690918,589.569458007813,True,-174.734146118164,223.939392089844,58.6274566650391,True,0.183452650904655,0.257694125175476,True,-173.754333496094,231.685455322266,61.4468307495117,True,0.185227662324905,0.231145948171616,True,3.57435607910156,True,3.85556030273438
1027,385.7152248,True,-51.4935646057129,-32.6918296813965,587.518310546875,True,7.9115686416626,-33.7229080200195,589.5439453125,True,-176.131561279297,223.696151733398,58.5389633178711,True,0.180921077728271,0.258527785539627,True,-175.349273681641,233.622802734375,62.1519088745117,True,0.182338267564774,0.224506244063377,True,3.57884216308594,True,3.86965942382813
1028,385.716891466667,True,-51.502742767334,-32.6949462890625,587.535400390625,True,7.9085865020752,-33.7213020324707,589.533630371094,True,-177.874176025391,223.99055480957,58.6461029052734,True,0.17776420712471,0.257518827915192,True,-176.82096862793,231.964553833008,61.548397064209,True,0.17967215180397,0.230189427733421,True,3.54486083984375,True,3.87049865722656
1029,385.718558133333,True,-51.5149116516113,-32.6892318725586,587.549621582031,True,7.90679931640625,-33.723934173584,589.53271484375,True,-179.912170410156,228.031021118164,60.11669921875,True,0.174072131514549,0.243670850992203,True,-178.656646728516,232.741607666016,61.831226348877,True,0.176346659660339,0.227526247501373,True,3.55630493164063,True,3.85646057128906
1030,385.7202248,True,-51.5226898193359,-32.6927070617676,587.52294921875,True,7.90767478942871,-33.7260856628418,589.5361328125,True,-179.50537109375,226.844970703125,59.6849822998047,True,0.174809128046036,0.247735872864723,True,-179.890243530273,230.518493652344,61.0220489501953,True,0.174111872911453,0.23514561355114,True,3.56639099121094,True,3.86552429199219
1031,385.721891466667,True,-51.5194778442383,-32.6970443725586,587.537963867188,True,7.90421485900879,-33.7222862243652,589.535278320313,True,-178.911804199219,224.63703918457,58.8814086914063,True,0.175884425640106,0.255303025245667,True,-179.993713378906,231.661499023438,61.4380874633789,True,0.173924475908279,0.231228172779083,True,3.56941223144531,True,3.86264038085938
1032,385.723558133333,True,-51.5226516723633,-32.6967315673828,587.554870605469,True,7.90539932250977,-33.7299156188965,589.52392578125,True,-181.655517578125,225.832717895508,59.3165626525879,True,0.170913904905319,0.251205146312714,True,-182.074859619141,230.52001953125,61.022647857666,True,0.170154243707657,0.235140293836594,True,3.572265625,True,3.86619567871094
1033,385.7252248,True,-51.5179748535156,-32.7047996520996,587.535095214844,True,7.90102958679199,-33.7244453430176,589.5234375,True,-179.000869750977,221.874084472656,57.8758239746094,True,0.175723060965538,0.264772474765778,True,-181.844421386719,233.290985107422,62.0311584472656,True,0.170571684837341,0.225643441081047,True,3.58134460449219,True,3.86207580566406
1034,385.726891466667,True,-51.5167999267578,-32.7059898376465,587.531860351563,True,7.90045547485352,-33.7245407104492,589.5166015625,True,-178.10823059082,219.762542724609,57.1072540283203,True,0.177340134978294,0.272009402513504,True,-181.496063232422,233.619079589844,62.150562286377,True,0.171202808618546,0.224519044160843,True,3.58720397949219,True,3.86058044433594
1035,385.728558133333,True,-51.5251159667969,-32.7004203796387,587.525817871094,True,7.90166234970093,-33.7282028198242,589.521728515625,True,-180.220458984375,223.856201171875,58.5971984863281,True,0.173513665795326,0.257979243993759,True,-181.787567138672,231.641983032227,61.4309768676758,True,0.170674711465836,0.231295049190521,True,3.55831909179688,True,3.86785888671875
1036,385.7302248,True,-51.5269966125488,-32.6981163024902,587.531860351563,True,7.89970779418945,-33.7332496643066,589.542785644531,True,-179.183090209961,223.750778198242,58.5588226318359,True,0.17539294064045,0.258340626955032,True,-181.058776855469,230.144439697266,60.8859481811523,True,0.171994984149933,0.236427515745163,True,3.57571411132813,True,3.86575317382813
1037,385.731891466667,True,-51.5369834899902,-32.6970291137695,587.564208984375,True,7.89718627929688,-33.7333602905273,589.513610839844,True,-179.504943847656,226.357116699219,59.5074729919434,True,0.17480993270874,0.249407902359962,True,-179.245178222656,231.878265380859,61.5170097351074,True,0.17528048157692,0.230485141277313,True,3.55763244628906,True,3.86947631835938
1038,385.733558133333,True,-51.5322036743164,-32.6968727111816,587.523254394531,True,7.89759349822998,-33.732063293457,589.493286132813,True,-181.339447021484,225.678802490234,59.260570526123,True,0.171486541628838,0.251732677221298,True,-181.087829589844,230.936676025391,61.1742706298828,True,0.171942308545113,0.233712315559387,True,3.5584716796875,True,3.8656005859375
1039,385.7352248,True,-51.5324401855469,-32.7043495178223,587.562866210938,True,7.89516162872314,-33.7327194213867,589.499877929688,True,-179.718048095703,220.829208374023,57.495418548584,True,0.174423828721046,0.268353700637817,True,-180.879608154297,231.960113525391,61.5467758178711,True,0.172319561243057,0.230204701423645,True,3.57994079589844,True,3.85952758789063
1040,385.736891466667,True,-51.5363655090332,-32.7029304504395,587.571228027344,True,7.89003038406372,-33.7371063232422,589.546508789063,True,-178.487808227539,221.884368896484,57.8794822692871,True,0.176652505993843,0.264737278223038,True,-180.061126708984,231.614227294922,61.4208908081055,True,0.173802345991135,0.231390193104744,True,3.57598876953125,True,3.85700988769531
1041,385.738558133333,True,-51.5366363525391,-32.7011642456055,587.555236816406,True,7.88687133789063,-33.7315216064453,589.558715820313,True,-180.206985473633,222.412704467773,58.0717887878418,True,0.173538088798523,0.262926548719406,True,-181.117828369141,233.009353637695,61.9286575317383,True,0.171887993812561,0.226608648896217,True,3.587158203125,True,3.8583984375
1042,385.7402248,True,-51.5402297973633,-32.7010078430176,587.562377929688,True,7.88773632049561,-33.7322311401367,589.559509277344,True,-177.782043457031,223.056106567383,58.3060340881348,True,0.17793108522892,0.260721325874329,True,-179.849197387695,231.644622802734,61.431941986084,True,0.174186259508133,0.231286063790321,True,3.56829833984375,True,3.85250854492188
1043,385.741891466667,True,-51.5534744262695,-32.7020645141602,587.634948730469,True,7.88497161865234,-33.7356185913086,589.560119628906,True,-178.52507019043,223.684326171875,58.5345916748047,True,0.176584988832474,0.258568346500397,True,-180.077224731445,233.322128295898,62.0425415039063,True,0.173773169517517,0.225536644458771,True,3.55339050292969,True,3.86317443847656
1044,385.743558133333,True,-51.5399627685547,-32.7009124755859,587.590270996094,True,7.88574647903442,-33.7369956970215,589.557312011719,True,-178.721893310547,221.495086669922,57.7378158569336,True,0.176228478550911,0.266071498394012,True,-180.114074707031,231.527130126953,61.3892021179199,True,0.17370642721653,0.231688633561134,True,3.5797119140625,True,3.8599853515625
1045,385.7452248,True,-51.5470924377441,-32.7031211853027,587.58203125,True,7.88465881347656,-33.7335052490234,589.549926757813,True,-179.073501586914,220.332946777344,57.3148612976074,True,0.17559152841568,0.270054519176483,True,-180.645812988281,232.519378662109,61.7503509521484,True,0.17274309694767,0.228287905454636,True,3.57989501953125,True,3.85614013671875
1046,385.746891466667,True,-51.5560989379883,-32.6987266540527,587.596923828125,True,7.88197946548462,-33.7330513000488,589.563171386719,True,-179.318176269531,223.546844482422,58.4845733642578,True,0.175148233771324,0.259039580821991,True,-179.054611206055,233.080383300781,61.9545593261719,True,0.175625681877136,0.226365119218826,True,3.57192993164063,True,3.85699462890625
1047,385.748558133333,True,-51.554069519043,-32.6973037719727,587.58642578125,True,7.88163566589355,-33.7342300415039,589.582946777344,True,-179.66552734375,222.781341552734,58.2059783935547,True,0.174519002437592,0.261663168668747,True,-180.051498413086,231.680450439453,61.4450302124023,True,0.173819750547409,0.231163114309311,True,3.57577514648438,True,3.85731506347656
1048,385.7502248,True,-51.5531845092773,-32.7025527954102,587.599060058594,True,7.88192319869995,-33.7390556335449,589.5859375,True,-177.62272644043,220.665435791016,57.4358711242676,True,0.178219705820084,0.268914997577667,True,-179.48583984375,231.415390014648,61.3485145568848,True,0.17484450340271,0.232071623206139,True,3.59638977050781,True,3.85369873046875
1049,385.751891466667,True,-51.5599746704102,-32.7009658813477,587.600524902344,True,7.88246488571167,-33.740104675293,589.5302734375,True,-177.692443847656,222.331192016602,58.0421028137207,True,0.178093373775482,0.263206005096436,True,-179.970428466797,230.873016357422,61.1510848999023,True,0.173966631293297,0.233930543065071,True,3.58094787597656,True,3.87156677246094
1050,385.753558133333,True,-51.5542488098145,-32.6990280151367,587.591003417969,True,7.88000106811523,-33.7356872558594,589.53271484375,True,-179.301849365234,221.075714111328,57.5851898193359,True,0.175177797675133,0.267508804798126,True,-180.106292724609,232.126937866211,61.6074523925781,True,0.173720508813858,0.229633003473282,True,3.58668518066406,True,3.858154296875
1051,385.7552248,True,-51.5637588500977,-32.6950569152832,587.607604980469,True,7.87808036804199,-33.7396011352539,589.579406738281,True,-178.233856201172,224.209014892578,58.7255744934082,True,0.177112579345703,0.256770104169846,True,-179.704376220703,233.164443969727,61.9850997924805,True,0.174448579549789,0.226077139377594,True,3.56866455078125,True,3.85702514648438
1052,385.756891466667,True,-51.5583992004395,-32.6943054199219,587.600830078125,True,7.87669563293457,-33.739330291748,589.602416992188,True,-177.584594726563,222.632125854492,58.1517028808594,True,0.178288757801056,0.26217445731163,True,-180.735565185547,231.057006835938,61.2181015014648,True,0.172580540180206,0.233299911022186,True,3.58169555664063,True,3.87333679199219
1053,385.758558133333,True,-51.5615539550781,-32.6933288574219,587.588134765625,True,7.87861824035645,-33.7336845397949,589.547424316406,True,-179.548233032227,224.352722167969,58.7779350280762,True,0.174731433391571,0.256277441978455,True,-180.617340087891,232.748550415039,61.8337707519531,True,0.172794669866562,0.227502465248108,True,3.570556640625,True,3.86323547363281
1054,385.7602248,True,-51.5625877380371,-32.6913909912109,587.614624023438,True,7.87441539764404,-33.7393913269043,589.604614257813,True,-178.565277099609,224.464431762695,58.818603515625,True,0.176512181758881,0.255894690752029,True,-179.16162109375,232.501556396484,61.7438659667969,True,0.175431817770004,0.22834900021553,True,3.56398010253906,True,3.86390686035156
1055,385.761891466667,True,-51.5700988769531,-32.6891822814941,587.627380371094,True,7.87320804595947,-33.7337760925293,589.619995117188,True,-178.759765625,226.696365356445,59.6309700012207,True,0.176159799098969,0.248245105147362,True,-179.583740234375,232.992523193359,61.9225769042969,True,0.174667149782181,0.226666212081909,True,3.57144165039063,True,3.8607177734375
1056,385.763558133333,True,-51.5674896240234,-32.6905288696289,587.626098632813,True,7.87409448623657,-33.7373542785645,589.635864257813,True,-177.863159179688,225.030914306641,59.024787902832,True,0.17778417468071,0.253953158855438,True,-178.172027587891,232.282760620117,61.664234161377,True,0.177224576473236,0.229098856449127,True,3.55726623535156,True,3.85707092285156
1057,385.7652248,True,-51.5647163391113,-32.6826400756836,587.60302734375,True,7.87749195098877,-33.7362899780273,589.569213867188,True,-180.273147583008,227.037796020508,59.7552223205566,True,0.173418238759041,0.24707493185997,True,-179.626449584961,231.447937011719,61.3603630065918,True,0.174589782953262,0.231960073113441,True,3.55902099609375,True,3.86125183105469
1058,385.766891466667,True,-51.5584983825684,-32.688663482666,587.58203125,True,7.87350845336914,-33.7376823425293,589.618896484375,True,-178.030838012695,223.819030761719,58.5837135314941,True,0.177480354905128,0.258106559514999,True,-179.641235351563,231.063949584961,61.220588684082,True,0.174562990665436,0.233276158571243,True,3.58029174804688,True,3.8687744140625
1059,385.768558133333,True,-51.5617370605469,-32.6940765380859,587.610229492188,True,7.87286186218262,-33.7340660095215,589.629516601563,True,-176.47477722168,221.526992797852,57.7494354248047,True,0.180299282073975,0.26596212387085,True,-179.745376586914,231.885711669922,61.5196838378906,True,0.174374312162399,0.230459749698639,True,3.58601379394531,True,3.85972595214844
1060,385.7702248,True,-51.5678749084473,-32.6883010864258,587.607971191406,True,7.87134885787964,-33.7319946289063,589.64013671875,True,-178.369216918945,223.779190063477,58.569164276123,True,0.176867336034775,0.258243173360825,True,-179.346496582031,232.540466308594,61.7580032348633,True,0.175096929073334,0.228215619921684,True,3.58876037597656,True,3.86166381835938
1061,385.771891466667,True,-51.5585975646973,-32.6911964416504,587.594421386719,True,7.87357139587402,-33.7381820678711,589.638671875,True,-177.82096862793,220.905151367188,57.5230979919434,True,0.177860602736473,0.268093436956406,True,-178.578598022461,231.383148193359,61.3367576599121,True,0.176488041877747,0.232182174921036,True,3.58601379394531,True,3.87188720703125
1062,385.773558133333,True,-51.5657424926758,-32.6862487792969,587.607604980469,True,7.87627983093262,-33.7308616638184,589.57568359375,True,-177.834259033203,223.996780395508,58.6483840942383,True,0.177836492657661,0.257497489452362,True,-179.892196655273,230.269805908203,60.9315719604492,True,0.174108326435089,0.2359978556633,True,3.57315063476563,True,3.87820434570313
1063,385.7752248,True,-51.5683670043945,-32.6849746704102,587.634460449219,True,7.87113904953003,-33.7301254272461,589.629028320313,True,-178.855575561523,224.382141113281,58.7886085510254,True,0.175986289978027,0.256176710128784,True,-178.983062744141,231.808609008789,61.4916381835938,True,0.175755351781845,0.230723977088928,True,3.56724548339844,True,3.85972595214844
1064,385.776891466667,True,-51.5625953674316,-32.6882286071777,587.609741210938,True,7.87512683868408,-33.7235946655273,589.582275390625,True,-177.480987548828,221.987487792969,57.9170188903809,True,0.178476467728615,0.264383912086487,True,-180.727279663086,231.138366699219,61.2476806640625,True,0.172595530748367,0.233021110296249,True,3.58944702148438,True,3.86167907714844
1065,385.778558133333,True,-51.5666007995605,-32.6855087280273,587.622253417969,True,7.87540340423584,-33.7265739440918,589.583374023438,True,-176.884063720703,222.204223632813,57.9959449768066,True,0.179557874798775,0.263641089200974,True,-179.310791015625,230.702606201172,61.089111328125,True,0.175161629915237,0.234514504671097,True,3.58926391601563,True,3.86732482910156
1066,385.7802248,True,-51.5729751586914,-32.6834564208984,587.64208984375,True,7.8774471282959,-33.7286338806152,589.5791015625,True,-176.905242919922,223.611602783203,58.5081787109375,True,0.179519504308701,0.258817553520203,True,-179.422119140625,230.746032714844,61.1049194335938,True,0.174959942698479,0.234365701675415,True,3.57331848144531,True,3.85978698730469
1067,385.781891466667,True,-51.5666885375977,-32.6827239990234,587.62939453125,True,7.87664890289307,-33.7280197143555,589.54638671875,True,-176.089096069336,223.298248291016,58.3940582275391,True,0.180998012423515,0.25989156961441,True,-179.700302124023,230.651229858398,61.070369720459,True,0.174456000328064,0.23469066619873,True,3.58132934570313,True,3.87039184570313
1068,385.783558133333,True,-51.5742988586426,-32.6769828796387,587.648376464844,True,7.87321281433105,-33.7181549072266,589.551574707031,True,-179.25325012207,226.0185546875,59.3842658996582,True,0.175265848636627,0.250568211078644,True,-180.180557250977,233.451751708984,62.0896835327148,True,0.173585936427116,0.225092440843582,True,3.56527709960938,True,3.86550903320313
1069,385.7852248,True,-51.5628204345703,-32.6837463378906,587.620300292969,True,7.87731885910034,-33.7201957702637,589.550048828125,True,-178.120834350586,221.213516235352,57.6353073120117,True,0.177317336201668,0.267036586999893,True,-180.988952636719,231.303894042969,61.3079833984375,True,0.172121480107307,0.232453674077988,True,3.58128356933594,True,3.85610961914063
1070,385.786891466667,True,-51.5690078735352,-32.6815032958984,587.629028320313,True,7.87779426574707,-33.7215843200684,589.546630859375,True,-178.363586425781,222.004608154297,57.9232635498047,True,0.176877543330193,0.264325171709061,True,-178.305419921875,229.851318359375,60.779224395752,True,0.176982939243317,0.237432211637497,True,3.593505859375,True,3.88139343261719
1071,385.788558133333,True,-51.5633926391602,-32.6832733154297,587.591430664063,True,7.87654542922974,-33.7186737060547,589.553771972656,True,-176.813278198242,220.993743896484,57.555305480957,True,0.179686084389687,0.267789840698242,True,-179.250854492188,232.623779296875,61.7883377075195,True,0.175270229578018,0.227930158376694,True,3.5892333984375,True,3.85873413085938
1072,385.7902248,True,-51.5704116821289,-32.6750640869141,587.623352050781,True,7.8787088394165,-33.7209281921387,589.550598144531,True,-176.58415222168,224.340103149414,58.7733764648438,True,0.180101171135902,0.256320714950562,True,-179.502304077148,230.260330200195,60.9281120300293,True,0.174814701080322,0.236030369997025,True,3.58015441894531,True,3.86744689941406
1073,385.791891466667,True,-51.5687561035156,-32.6740684509277,587.6103515625,True,7.8776330947876,-33.7146224975586,589.545776367188,True,-178.293823242188,224.388153076172,58.790828704834,True,0.1770039498806,0.256156086921692,True,-179.310317993164,231.155014038086,61.2537689208984,True,0.175162449479103,0.23296394944191,True,3.57855224609375,True,3.86441040039063
1074,385.793558133333,True,-51.5657958984375,-32.6779975891113,587.613586425781,True,7.87638854980469,-33.7151489257813,589.54541015625,True,-176.526016235352,221.70280456543,57.8134269714355,True,0.180206477642059,0.26535964012146,True,-179.62760925293,231.455291748047,61.3629875183105,True,0.174587666988373,0.231934994459152,True,3.60128784179688,True,3.86236572265625
1075,385.7952248,True,-51.5742874145508,-32.6713409423828,587.62158203125,True,7.87824296951294,-33.7170295715332,589.530334472656,True,-178.759887695313,225.503479003906,59.1967811584473,True,0.176159620285034,0.252333462238312,True,-179.326507568359,230.818237304688,61.1311874389648,True,0.175133138895035,0.234118238091469,True,3.57691955566406,True,3.86497497558594
1076,385.796891466667,True,-51.5668449401855,-32.6768684387207,587.61962890625,True,7.87807369232178,-33.7151527404785,589.517578125,True,-176.071975708008,220.833251953125,57.4969062805176,True,0.181029036641121,0.268339872360229,True,-180.564300537109,231.114440917969,61.2389831542969,True,0.172890722751617,0.233103007078171,True,3.59419250488281,True,3.87158203125
1077,385.798558133333,True,-51.577392578125,-32.667236328125,587.628540039063,True,7.87869596481323,-33.7098236083984,589.518798828125,True,-179.154769897461,227.387786865234,59.8825912475586,True,0.175444275140762,0.245875462889671,True,-180.41748046875,231.227478027344,61.2801055908203,True,0.17315673828125,0.23271569609642,True,3.56906127929688,True,3.86537170410156
1078,385.8002248,True,-51.5771484375,-32.667293548584,587.631225585938,True,7.87973499298096,-33.7114486694336,589.509826660156,True,-176.503570556641,227.314987182617,59.8560791015625,True,0.18024717271328,0.24612495303154,True,-180.369537353516,229.973098754883,60.8236083984375,True,0.17324361205101,0.23701474070549,True,3.56864929199219,True,3.86517333984375
1079,385.801891466667,True,-51.5680084228516,-32.6719245910645,587.594787597656,True,7.88060760498047,-33.7099914550781,589.500366210938,True,-179.775848388672,223.71647644043,58.5463104248047,True,0.174319118261337,0.258458226919174,True,-178.20849609375,230.332550048828,60.9544219970703,True,0.177158534526825,0.235782861709595,True,3.59474182128906,True,3.86871337890625
1080,385.803558133333,True,-51.5669708251953,-32.6711730957031,587.605773925781,True,7.88047027587891,-33.7103500366211,589.492431640625,True,-178.830764770508,222.555099487305,58.123649597168,True,0.176031202077866,0.262438476085663,True,-179.303863525391,230.290740966797,60.9391708374023,True,0.175174161791801,0.23592621088028,True,3.60426330566406,True,3.86627197265625
1081,385.8052248,True,-51.5675735473633,-32.6696815490723,587.607238769531,True,7.87932968139648,-33.7079429626465,589.510986328125,True,-177.006622314453,222.948394775391,58.2667770385742,True,0.179335832595825,0.261090606451035,True,-179.012756347656,231.922058105469,61.5329322814941,True,0.175701543688774,0.230335086584091,True,3.58853149414063,True,3.86325073242188
1082,385.806891466667,True,-51.5673065185547,-32.6723022460938,587.601135253906,True,7.88085746765137,-33.70703125,589.496948242188,True,-176.189025878906,221.295532226563,57.6652145385742,True,0.180817008018494,0.266755402088165,True,-179.256713867188,231.136627197266,61.2470550537109,True,0.175259575247765,0.233027011156082,True,3.59793090820313,True,3.85595703125
1083,385.808558133333,True,-51.565502166748,-32.6682434082031,587.584594726563,True,7.88155460357666,-33.71044921875,589.489868164063,True,-177.758438110352,223.468154907227,58.4560050964355,True,0.177973836660385,0.25930917263031,True,-179.712493896484,231.212860107422,61.2747955322266,True,0.174433887004852,0.232765763998032,True,3.57823181152344,True,3.86398315429688
1084,385.8102248,True,-51.5715522766113,-32.6675643920898,587.606140136719,True,7.88351058959961,-33.7137565612793,589.468139648438,True,-178.163162231445,223.557464599609,58.4884872436523,True,0.177240669727325,0.259003043174744,True,-179.099761962891,228.408096313477,60.2539443969727,True,0.175543904304504,0.24237859249115,True,3.60401916503906,True,3.88018798828125
1085,385.811891466667,True,-51.5627822875977,-32.6658897399902,587.563781738281,True,7.88330173492432,-33.7051544189453,589.469116210938,True,-176.956253051758,222.174850463867,57.9852561950684,True,0.179427087306976,0.263741761445999,True,-179.290939331055,230.9794921875,61.189868927002,True,0.175197571516037,0.233565598726273,True,3.59321594238281,True,3.864013671875
1086,385.813558133333,True,-51.578441619873,-32.6618309020996,587.62109375,True,7.88219022750854,-33.7059707641602,589.469055175781,True,-177.676010131836,224.889190673828,58.9731369018555,True,0.17812317609787,0.254438906908035,True,-179.936462402344,231.140197753906,61.2483596801758,True,0.174028173089027,0.233014792203903,True,3.57832336425781,True,3.87156677246094
1087,385.8152248,True,-51.5625305175781,-32.6647186279297,587.562683105469,True,7.8831934928894,-33.7053451538086,589.482116699219,True,-177.356338500977,222.84587097168,58.2293930053711,True,0.178702294826508,0.261442095041275,True,-180.371536254883,230.671325683594,61.0777053833008,True,0.173239931464195,0.234621688723564,True,3.57664489746094,True,3.86294555664063
1088,385.816891466667,True,-51.5652770996094,-32.6621551513672,587.585815429688,True,7.88263082504272,-33.698486328125,589.482543945313,True,-177.270797729492,222.688323974609,58.1721115112305,True,0.178857266902924,0.261981934309006,True,-179.973266601563,231.866790771484,61.5127944946289,True,0.173961460590363,0.230524554848671,True,3.58735656738281,True,3.86045837402344
1089,385.818558133333,True,-51.5696449279785,-32.6607360839844,587.567932128906,True,7.88387441635132,-33.7010498046875,589.4716796875,True,-177.086441040039,223.238464355469,58.3723182678223,True,0.179191216826439,0.260096460580826,True,-179.293853759766,230.179763793945,60.8987770080566,True,0.175192296504974,0.236306503415108,True,3.57647705078125,True,3.86610412597656
1090,385.8202248,True,-51.5721626281738,-32.6596641540527,587.607788085938,True,7.88586711883545,-33.6988830566406,589.470031738281,True,-177.456207275391,223.061279296875,58.3079109191895,True,0.178521350026131,0.26070362329483,True,-179.153793334961,229.473709106445,60.6417922973633,True,0.175446033477783,0.238726332783699,True,3.58775329589844,True,3.86174011230469
1091,385.821891466667,True,-51.5815238952637,-32.648868560791,587.602478027344,True,7.88327312469482,-33.6957855224609,589.472290039063,True,-179.291137695313,228.308807373047,60.2178421020508,True,0.17519722878933,0.242718771100044,True,-179.985778808594,231.570907592773,61.4051666259766,True,0.17393884062767,0.231538593769073,True,3.57467651367188,True,3.87171936035156
1092,385.823558133333,True,-51.5693664550781,-32.6544380187988,587.581115722656,True,7.88576126098633,-33.6980209350586,589.490417480469,True,-178.355133056641,225.282119750977,59.1161994934082,True,0.176892876625061,0.253092229366302,True,-179.466018676758,229.826049804688,60.7700424194336,True,0.174880415201187,0.237518817186356,True,3.59251403808594,True,3.86738586425781
1093,385.8252248,True,-51.5687942504883,-32.6510620117188,587.576354980469,True,7.8833122253418,-33.7001266479492,589.4716796875,True,-178.409866333008,225.909973144531,59.3447074890137,True,0.176793709397316,0.250940382480621,True,-179.179489135742,230.752532958984,61.1072616577148,True,0.175399452447891,0.234343439340591,True,3.58259582519531,True,3.87281799316406
1094,385.826891466667,True,-51.574291229248,-32.6508331298828,587.584228515625,True,7.88537311553955,-33.6970481872559,589.476745605469,True,-177.237640380859,226.595123291016,59.5941162109375,True,0.178917303681374,0.248592093586922,True,-178.733108520508,230.579895019531,61.0444412231445,True,0.176208138465881,0.234935060143471,True,3.57600402832031,True,3.86257934570313
1095,385.828558133333,True,-51.5701637268066,-32.6515960693359,587.567810058594,True,7.88405227661133,-33.6915740966797,589.479370117188,True,-177.917190551758,225.398406982422,59.1584968566895,True,0.177686274051666,0.252693712711334,True,-180.175109863281,230.964233398438,61.1843338012695,True,0.173595786094666,0.233617812395096,True,3.58964538574219,True,3.86502075195313
1096,385.8302248,True,-51.5564460754395,-32.6528587341309,587.518615722656,True,7.88718032836914,-33.6953659057617,589.474975585938,True,-177.801773071289,222.526260375977,58.113151550293,True,0.177895322442055,0.262537330389023,True,-179.169036865234,230.998519897461,61.1968002319336,True,0.175418436527252,0.233500406146049,True,3.60440063476563,True,3.86024475097656
1097,385.831891466667,True,-51.5631790161133,-32.6568489074707,587.572875976563,True,7.88680553436279,-33.6928901672363,589.484558105469,True,-176.716018676758,220.966720581055,57.5455207824707,True,0.179862290620804,0.267882436513901,True,-179.227813720703,230.531295776367,61.0267486572266,True,0.175311908125877,0.23510168492794,True,3.59382629394531,True,3.85807800292969
1098,385.833558133333,True,-51.5721206665039,-32.649169921875,587.585754394531,True,7.88790559768677,-33.6929206848145,589.494506835938,True,-177.909271240234,224.821090698242,58.9483604431152,True,0.177700594067574,0.254672348499298,True,-179.342376708984,230.49201965332,61.0124435424805,True,0.175104379653931,0.235236287117004,True,3.6025390625,True,3.8663330078125
1099,385.8352248,True,-51.5673980712891,-32.6477966308594,587.560607910156,True,7.89049243927002,-33.6923904418945,589.506103515625,True,-177.147277832031,225.460784912109,59.1812171936035,True,0.179081037640572,0.252479791641235,True,-179.445617675781,229.778076171875,60.7525787353516,True,0.174917370080948,0.237683266401291,True,3.5882568359375,True,3.85942077636719
1100,385.836891466667,True,-51.5633239746094,-32.6491050720215,587.562194824219,True,7.88700485229492,-33.690803527832,589.497253417969,True,-178.07649230957,224.00325012207,58.6506652832031,True,0.177397653460503,0.257475346326828,True,-180.08366394043,231.229644775391,61.2809143066406,True,0.17376147210598,0.232708185911179,True,3.59846496582031,True,3.86904907226563
1101,385.838558133333,True,-51.5748825073242,-32.6455039978027,587.584533691406,True,7.88909339904785,-33.6909408569336,589.489501953125,True,-179.100189208984,227.369598388672,59.8759880065918,True,0.175543129444122,0.2459377348423,True,-179.280685424805,230.853576660156,61.1440048217773,True,0.175216153264046,0.233997195959091,True,3.57635498046875,True,3.86436462402344
1102,385.8402248,True,-51.5640907287598,-32.6461410522461,587.559875488281,True,7.89189147949219,-33.6913528442383,589.498657226563,True,-177.040252685547,224.173950195313,58.7128715515137,True,0.179274886846542,0.256890267133713,True,-179.699523925781,229.585845947266,60.6826019287109,True,0.174457371234894,0.238342016935349,True,3.58648681640625,True,3.86569213867188
1103,385.841891466667,True,-51.5689544677734,-32.6426773071289,587.580810546875,True,7.8897533416748,-33.6890144348145,589.49462890625,True,-178.599700927734,225.441253662109,59.1741256713867,True,0.176449850201607,0.252546787261963,True,-179.949645996094,230.906875610352,61.1634674072266,True,0.174004256725311,0.233814418315887,True,3.59028625488281,True,3.86434936523438
1104,385.843558133333,True,-51.5670318603516,-32.6454200744629,587.576232910156,True,7.89115047454834,-33.6891555786133,589.502197265625,True,-176.991119384766,224.176071166992,58.7136039733887,True,0.179363906383514,0.256882965564728,True,-180.517364501953,230.537384033203,61.0289459228516,True,0.172975808382034,0.235080897808075,True,3.60710144042969,True,3.870849609375
1105,385.8452248,True,-51.5689659118652,-32.6458511352539,587.607360839844,True,7.89081001281738,-33.6906890869141,589.501586914063,True,-176.048614501953,221.8447265625,57.8650894165039,True,0.181071370840073,0.264873266220093,True,-179.441421508789,230.438934326172,60.9931259155273,True,0.174924969673157,0.235418260097504,True,3.60221862792969,True,3.87249755859375
1106,385.846891466667,True,-51.5702133178711,-32.6380081176758,587.576599121094,True,7.88630294799805,-33.6841316223145,589.494384765625,True,-178.589706420898,226.348358154297,59.5043029785156,True,0.176467880606651,0.249437898397446,True,-178.781127929688,231.337310791016,61.3201141357422,True,0.176121190190315,0.232339262962341,True,3.58578491210938,True,3.8675537109375
1107,385.848558133333,True,-51.5606918334961,-32.6420669555664,587.544677734375,True,7.88958263397217,-33.6855392456055,589.509033203125,True,-176.916046142578,223.366058349609,58.4187774658203,True,0.179499924182892,0.259659171104431,True,-179.987915039063,231.661712646484,61.4381675720215,True,0.173934936523438,0.231227397918701,True,3.59944152832031,True,3.85690307617188
1108,385.8502248,True,-51.5658531188965,-32.6396713256836,587.578491210938,True,7.89305973052979,-33.6902008056641,589.51611328125,True,-177.193695068359,223.806732177734,58.5791778564453,True,0.178996935486794,0.258148819208145,True,-179.357269287109,229.190582275391,60.5387496948242,True,0.17507740855217,0.239696756005287,True,3.59117126464844,True,3.87445068359375
1109,385.851891466667,True,-51.5721054077148,-32.6375465393066,587.585815429688,True,7.89282608032227,-33.6867942810059,589.522521972656,True,-176.972778320313,225.018463134766,59.0202751159668,True,0.179397150874138,0.25399574637413,True,-179.219940185547,230.675720214844,61.0792388916016,True,0.17532616853714,0.23460678756237,True,3.59071350097656,True,3.86332702636719
1110,385.853558133333,True,-51.5741157531738,-32.6351661682129,587.601745605469,True,7.89251041412354,-33.6891098022461,589.519226074219,True,-177.698196411133,227.203170776367,59.8153953552246,True,0.178082972764969,0.246508195996284,True,-177.374496459961,229.405975341797,60.6171417236328,True,0.178669422864914,0.23895850777626,True,3.58294677734375,True,3.87886047363281
1111,385.8552248,True,-51.5712356567383,-32.6307640075684,587.578308105469,True,7.89173412322998,-33.6859664916992,589.511413574219,True,-177.163375854492,227.584854125977,59.9542999267578,True,0.179051876068115,0.245200097560883,True,-179.34228515625,229.966567993164,60.8211517333984,True,0.175104528665543,0.237037226557732,True,3.57752990722656,True,3.86717224121094
1112,385.856891466667,True,-51.5686187744141,-32.6350135803223,587.583984375,True,7.88808917999268,-33.6795425415039,589.475524902344,True,-176.115951538086,225.137329101563,59.0634803771973,True,0.180949375033379,0.253588497638702,True,-178.345336914063,230.446517944336,60.9958953857422,True,0.176910623908043,0.235392272472382,True,3.59359741210938,True,3.87092590332031
1113,385.858558133333,True,-51.5625801086426,-32.6370429992676,587.561096191406,True,7.89019966125488,-33.6838035583496,589.486694335938,True,-177.574783325195,223.742889404297,58.555965423584,True,0.178306549787521,0.258367598056793,True,-178.136672973633,229.802734375,60.7616157531738,True,0.17728865146637,0.237598598003387,True,3.59506225585938,True,3.87046813964844
1114,385.8602248,True,-51.5703010559082,-32.6363067626953,587.57275390625,True,7.89012050628662,-33.6792335510254,589.488647460938,True,-175.751113891602,224.508453369141,58.8345756530762,True,0.181610301136971,0.255743801593781,True,-180.2158203125,231.583618164063,61.4097290039063,True,0.173522040247917,0.231495022773743,True,3.5888671875,True,3.86149597167969
1115,385.861891466667,True,-51.5554351806641,-32.6376914978027,587.518859863281,True,7.88902473449707,-33.6808624267578,589.482788085938,True,-177.912704467773,221.312713623047,57.6714553833008,True,0.177694380283356,0.266696572303772,True,-179.005889892578,231.329040527344,61.3170623779297,True,0.175713986158371,0.232367694377899,True,3.60139465332031,True,3.86714172363281
1116,385.863558133333,True,-51.5576438903809,-32.6360321044922,587.537475585938,True,7.8911075592041,-33.6834106445313,589.500915527344,True,-177.614288330078,221.98258972168,57.9152908325195,True,0.178234994411469,0.264400631189346,True,-178.098876953125,230.27685546875,60.9341278076172,True,0.177357137203217,0.235973745584488,True,3.60383605957031,True,3.87287902832031
1117,385.8652248,True,-51.5638427734375,-32.6343154907227,587.567138671875,True,7.89052248001099,-33.6837768554688,589.482666015625,True,-176.496871948242,223.247619628906,58.3757438659668,True,0.180259302258492,0.260065019130707,True,-178.050476074219,230.390655517578,60.9755554199219,True,0.177444815635681,0.2355837225914,True,3.60527038574219,True,3.86752319335938
1118,385.866891466667,True,-51.5629272460938,-32.6291847229004,587.5380859375,True,7.89069080352783,-33.680591583252,589.504028320313,True,-178.867126464844,225.141967773438,59.0651817321777,True,0.175965338945389,0.253572523593903,True,-177.566955566406,231.118957519531,61.2406120300293,True,0.178320735692978,0.233087539672852,True,3.5904541015625,True,3.87225341796875
1119,385.868558133333,True,-51.5610618591309,-32.626594543457,587.50634765625,True,7.8924617767334,-33.6785888671875,589.506652832031,True,-178.632629394531,225.669708251953,59.2572631835938,True,0.176390171051025,0.251763820648193,True,-178.708145141602,226.913803100586,59.710075378418,True,0.176253363490105,0.247499942779541,True,3.59178161621094,True,3.89601135253906
1120,385.8702248,True,-51.5658760070801,-32.6250419616699,587.530456542969,True,7.89136123657227,-33.6806983947754,589.511596679688,True,-177.358322143555,226.878219604492,59.6971130371094,True,0.178698718547821,0.247621923685074,True,-178.566925048828,229.177612304688,60.5340118408203,True,0.176509201526642,0.239741206169128,True,3.59141540527344,True,3.87850952148438
1121,385.871891466667,True,-51.5552291870117,-32.6322746276855,587.499145507813,True,7.89173221588135,-33.6797790527344,589.512329101563,True,-178.355712890625,222.754379272461,58.1962051391602,True,0.176891773939133,0.261755496263504,True,-178.296081542969,231.112243652344,61.2381896972656,True,0.17699983716011,0.233110621571541,True,3.60032653808594,True,3.87245178222656
1122,385.873558133333,True,-51.5643157958984,-32.6241836547852,587.494934082031,True,7.89123249053955,-33.6774520874023,589.5009765625,True,-177.17578125,226.845977783203,59.6854209899902,True,0.179029405117035,0.247732415795326,True,-178.377517700195,230.287017822266,60.9377975463867,True,0.176852345466614,0.235938876867294,True,3.59458923339844,True,3.8792724609375
1123,385.8752248,True,-51.5567398071289,-32.6265983581543,587.510681152344,True,7.89180278778076,-33.6771621704102,589.498901367188,True,-178.214508056641,223.116485595703,58.3279190063477,True,0.177147656679153,0.260514587163925,True,-179.317169189453,230.279937744141,60.9352493286133,True,0.175150021910667,0.235963135957718,True,3.61190795898438,True,3.86936950683594
1124,385.876891466667,True,-51.5622787475586,-32.6226959228516,587.492370605469,True,7.89275550842285,-33.6810073852539,589.478149414063,True,-178.630569458008,225.916458129883,59.3470497131348,True,0.176393911242485,0.250918120145798,True,-179.253540039063,230.343109130859,60.9582557678223,True,0.175265341997147,0.235746666789055,True,3.59895324707031,True,3.87889099121094
1125,385.878558133333,True,-51.5607643127441,-32.6228141784668,587.5107421875,True,7.89224529266357,-33.6780014038086,589.492065429688,True,-177.174499511719,225.472137451172,59.1853256225586,True,0.179031729698181,0.252440929412842,True,-178.257843017578,230.823150634766,61.132942199707,True,0.177069097757339,0.234101384878159,True,3.58847045898438,True,3.87431335449219
1126,385.8802248,True,-51.5589294433594,-32.6238098144531,587.499084472656,True,7.89272308349609,-33.673900604248,589.494750976563,True,-177.957626342773,224.995147705078,59.0117492675781,True,0.177612990140915,0.254075795412064,True,-180.009490966797,231.186981201172,61.2653617858887,True,0.173895865678787,0.232854470610619,True,3.586181640625,True,3.87297058105469
1127,385.881891466667,True,-51.5523147583008,-32.6257286071777,587.445495605469,True,7.8971643447876,-33.6824073791504,589.4921875,True,-177.763320922852,223.270919799805,58.384147644043,True,0.177964985370636,0.259985268115997,True,-178.215515136719,225.922882080078,59.349437713623,True,0.177145838737488,0.250896096229553,True,3.602783203125,True,3.8931884765625
1128,385.883558133333,True,-51.5592346191406,-32.6201400756836,587.470886230469,True,7.89622783660889,-33.6797027587891,589.481323242188,True,-178.377426147461,226.654327392578,59.6156578063965,True,0.176852494478226,0.248389258980751,True,-179.249542236328,227.325225830078,59.8598213195801,True,0.175272569060326,0.246089890599251,True,3.58500671386719,True,3.89010620117188
1129,385.8852248,True,-51.5546493530273,-32.6195487976074,587.4423828125,True,7.8950309753418,-33.6782836914063,589.510070800781,True,-178.802459716797,225.399429321289,59.1588897705078,True,0.176082462072372,0.252690106630325,True,-178.852737426758,228.769165039063,60.3853912353516,True,0.175991401076317,0.241140931844711,True,3.59356689453125,True,3.8824462890625
1130,385.886891466667,True,-51.5565795898438,-32.6213760375977,587.458923339844,True,7.8972864151001,-33.6806259155273,589.4833984375,True,-177.047607421875,224.568389892578,58.8564643859863,True,0.179261550307274,0.255538284778595,True,-179.274932861328,229.9873046875,60.8287582397461,True,0.17522656917572,0.236966073513031,True,3.60054016113281,True,3.87057495117188
1131,385.888558133333,True,-51.553882598877,-32.6153030395508,587.420349121094,True,7.897292137146,-33.6753196716309,589.502807617188,True,-179.155151367188,227.709426879883,59.9996109008789,True,0.175443574786186,0.244773223996162,True,-178.162048339844,230.395874023438,60.9774322509766,True,0.177242696285248,0.23556587100029,True,3.58473205566406,True,3.86517333984375
1132,385.8902248,True,-51.5512008666992,-32.6187019348145,587.439025878906,True,7.89497137069702,-33.673168182373,589.498596191406,True,-178.360504150391,223.800628662109,58.5769577026367,True,0.176883161067963,0.258169740438461,True,-179.32453918457,231.025375366211,61.2065811157227,True,0.175136685371399,0.233408272266388,True,3.59719848632813,True,3.86669921875
1133,385.891891466667,True,-51.5539321899414,-32.618293762207,587.447692871094,True,7.89741277694702,-33.6761207580566,589.473205566406,True,-177.46337890625,225.385940551758,59.153938293457,True,0.17850835621357,0.252736359834671,True,-178.671112060547,230.595779418945,61.0502243041992,True,0.176320433616638,0.234880670905113,True,3.59249877929688,True,3.86482238769531
1134,385.893558133333,True,-51.5539588928223,-32.6176605224609,587.442810058594,True,7.89863300323486,-33.6719017028809,589.470336914063,True,-178.204162597656,225.257995605469,59.1074333190918,True,0.177166402339935,0.253174871206284,True,-178.190734863281,230.907333374023,61.1636161804199,True,0.17719067633152,0.233812883496284,True,3.5968017578125,True,3.87423706054688
1135,385.8952248,True,-51.5519561767578,-32.6162033081055,587.4501953125,True,7.89846277236938,-33.6803970336914,589.458129882813,True,-177.993087768555,225.202835083008,59.0873107910156,True,0.177548781037331,0.253363996744156,True,-178.216094970703,229.465148925781,60.6386756896973,True,0.177144706249237,0.23875567317009,True,3.59683227539063,True,3.87887573242188
1136,385.896891466667,True,-51.5459213256836,-32.6189918518066,587.415588378906,True,7.89900493621826,-33.6743545532227,589.5068359375,True,-178.238555908203,222.195373535156,57.9927597045898,True,0.177104070782661,0.263671398162842,True,-178.715118408203,230.900436401367,61.161075592041,True,0.176240742206573,0.233836531639099,True,3.62770080566406,True,3.87298583984375
1137,385.898558133333,True,-51.5479507446289,-32.6144599914551,587.430541992188,True,7.90156650543213,-33.6794395446777,589.491149902344,True,-178.126480102539,225.496612548828,59.1943016052246,True,0.177307099103928,0.252357065677643,True,-178.319229125977,227.635696411133,59.9728355407715,True,0.176957920193672,0.245025783777237,True,3.57737731933594,True,3.88529968261719
1138,385.9002248,True,-51.5386581420898,-32.621265411377,587.392150878906,True,7.90464878082275,-33.6733894348145,589.461975097656,True,-176.408554077148,220.644256591797,57.4281349182129,True,0.180419266223907,0.268987536430359,True,-178.106002807617,229.369125366211,60.6037139892578,True,0.1773442029953,0.239084839820862,True,3.60711669921875,True,3.87261962890625
1139,385.901891466667,True,-51.5487594604492,-32.6110801696777,587.417602539063,True,7.90360927581787,-33.6748847961426,589.441772460938,True,-179.624771118164,227.267990112305,59.8390045166016,True,0.174592822790146,0.246285989880562,True,-179.519378662109,230.56298828125,61.0382499694824,True,0.174783706665039,0.234993025660515,True,3.60231018066406,True,3.87797546386719
1140,385.903558133333,True,-51.5446510314941,-32.611457824707,587.420471191406,True,7.90522384643555,-33.6789665222168,589.443969726563,True,-178.762283325195,225.680236816406,59.2611083984375,True,0.176155313849449,0.251727759838104,True,-177.982116699219,231.712219238281,61.45654296875,True,0.17756861448288,0.231054365634918,True,3.59016418457031,True,3.86972045898438
1141,385.9052248,True,-51.5424880981445,-32.6132621765137,587.414184570313,True,7.9046835899353,-33.6754264831543,589.4326171875,True,-178.73649597168,224.323944091797,58.7674713134766,True,0.176201999187469,0.256376087665558,True,-178.763153076172,231.56591796875,61.4032897949219,True,0.176153719425201,0.231555759906769,True,3.59465026855469,True,3.87483215332031
1142,385.906891466667,True,-51.5445976257324,-32.6130867004395,587.4296875,True,7.90614414215088,-33.6744003295898,589.445983886719,True,-177.632522583008,224.308517456055,58.7618179321289,True,0.178201928734779,0.256429046392441,True,-177.511566162109,231.29736328125,61.3055572509766,True,0.178421065211296,0.232476145029068,True,3.61161804199219,True,3.8731689453125
1143,385.908558133333,True,-51.544921875,-32.6090240478516,587.416748046875,True,7.90625524520874,-33.6734046936035,589.42138671875,True,-178.501739501953,225.915374755859,59.3466835021973,True,0.176627278327942,0.250921815633774,True,-179.014282226563,232.286499023438,61.6655807495117,True,0.175698757171631,0.229086071252823,True,3.59382629394531,True,3.8709716796875
1144,385.9102248,True,-51.5405387878418,-32.6123924255371,587.415893554688,True,7.91051769256592,-33.6754837036133,589.424987792969,True,-177.710464477539,223.364715576172,58.4183082580566,True,0.178060755133629,0.259663790464401,True,-178.805358886719,229.983810424805,60.8274765014648,True,0.176077231764793,0.236978024244308,True,3.60725402832031,True,3.8673095703125
1145,385.911891466667,True,-51.5391693115234,-32.6108322143555,587.39794921875,True,7.91341304779053,-33.6806869506836,589.432861328125,True,-179.1611328125,224.591598510742,58.8648643493652,True,0.175432741641998,0.255458891391754,True,-178.170776367188,228.835372924805,60.4094924926758,True,0.17722687125206,0.240914151072502,True,3.60353088378906,True,3.87651062011719
1146,385.913558133333,True,-51.5375328063965,-32.6142539978027,587.396667480469,True,7.9116678237915,-33.6804656982422,589.411254882813,True,-178.993911743164,223.69645690918,58.5390510559082,True,0.175735667347908,0.258526712656021,True,-178.5341796875,230.019073486328,60.8402976989746,True,0.176568508148193,0.23685722053051,True,3.6029052734375,True,3.86636352539063
1147,385.9152248,True,-51.5319519042969,-32.6128997802734,587.373168945313,True,7.91286420822144,-33.6810493469238,589.405395507813,True,-176.93603515625,222.064788818359,57.9452362060547,True,0.17946369946003,0.264118880033493,True,-177.961975097656,229.314056396484,60.5837287902832,True,0.177605122327805,0.23927353322506,True,3.61903381347656,True,3.87687683105469
1148,385.916891466667,True,-51.5349578857422,-32.6079978942871,587.378784179688,True,7.91492080688477,-33.6796035766602,589.40625,True,-178.062637329102,225.142471313477,59.0654144287109,True,0.177422732114792,0.253570735454559,True,-177.868286132813,229.527404785156,60.6613464355469,True,0.177774831652641,0.238542273640633,True,3.59791564941406,True,3.88046264648438
1149,385.918558133333,True,-51.5303268432617,-32.6100273132324,587.327697753906,True,7.92211818695068,-33.6926803588867,589.402465820313,True,-178.061431884766,224.294723510742,58.7568092346191,True,0.17742495238781,0.25647634267807,True,-176.086029052734,225.609649658203,59.2353973388672,True,0.181003585457802,0.251969635486603,True,3.60005187988281,True,3.90217590332031
1150,385.9202248,True,-51.5337600708008,-32.6118278503418,587.3720703125,True,7.91749858856201,-33.6745719909668,589.412719726563,True,-178.530334472656,222.401123046875,58.0676193237305,True,0.176575511693954,0.262966215610504,True,-178.384521484375,230.959381103516,61.1824951171875,True,0.176839619874954,0.233634486794472,True,3.61152648925781,True,3.86628723144531
1151,385.921891466667,True,-51.5298118591309,-32.6073112487793,587.355407714844,True,7.91963291168213,-33.6800498962402,589.386840820313,True,-178.052520751953,224.954895019531,58.9971160888672,True,0.177441090345383,0.254213631153107,True,-178.041809082031,229.893096923828,60.7944564819336,True,0.177460521459579,0.237289041280746,True,3.60147094726563,True,3.87258911132813
1152,385.923558133333,True,-51.5251541137695,-32.616024017334,587.364440917969,True,7.92319869995117,-33.6843452453613,589.396606445313,True,-177.557281494141,219.349945068359,56.9569969177246,True,0.178338259458542,0.273423612117767,True,-177.718154907227,228.992446899414,60.4666213989258,True,0.178046822547913,0.240375846624374,True,3.6282958984375,True,3.87545776367188
1153,385.9252248,True,-51.5221176147461,-32.6117744445801,587.328979492188,True,7.92243003845215,-33.6824417114258,589.403564453125,True,-179.353866577148,220.851669311523,57.5036163330078,True,0.175083547830582,0.268276691436768,True,-177.600006103516,230.585906982422,61.0466003417969,True,0.178260862827301,0.234914511442184,True,3.61235046386719,True,3.87049865722656
1154,385.926891466667,True,-51.5303649902344,-32.6119995117188,587.363037109375,True,7.9232873916626,-33.6843032836914,589.403259277344,True,-177.231597900391,222.66748046875,58.1644973754883,True,0.178928256034851,0.262053459882736,True,-178.177185058594,229.754348754883,60.7439231872559,True,0.177215218544006,0.23776450753212,True,3.61012268066406,True,3.87986755371094
1155,385.928558133333,True,-51.5266189575195,-32.613956451416,587.342651367188,True,7.92534160614014,-33.6842041015625,589.384155273438,True,-178.513031005859,220.546279907227,57.3924560546875,True,0.176606833934784,0.269323408603668,True,-177.317092895508,230.042938232422,60.8489837646484,True,0.178773403167725,0.236775487661362,True,3.630859375,True,3.872802734375
1156,385.9302248,True,-51.5258750915527,-32.6106491088867,587.354919433594,True,7.92707347869873,-33.6830596923828,589.367919921875,True,-179.22932434082,221.93603515625,57.8983039855957,True,0.175309225916862,0.264560222625732,True,-179.706970214844,230.142120361328,60.8850631713867,True,0.174443915486336,0.236435532569885,True,3.61212158203125,True,3.87423706054688
1157,385.931891466667,True,-51.5253601074219,-32.607421875,587.329833984375,True,7.92930173873901,-33.6858253479004,589.354736328125,True,-178.361785888672,224.363632202148,58.7818984985352,True,0.176880851387978,0.256240099668503,True,-177.784042358398,228.560760498047,60.3094635009766,True,0.177927479147911,0.241855382919312,True,3.59834289550781,True,3.8751220703125
1158,385.933558133333,True,-51.5250663757324,-32.6080284118652,587.333740234375,True,7.93081092834473,-33.6909561157227,589.35986328125,True,-177.988754272461,224.56657409668,58.8557777404785,True,0.177556559443474,0.255544543266296,True,-177.896148681641,228.495941162109,60.2859344482422,True,0.177724346518517,0.242077454924583,True,3.60618591308594,True,3.88076782226563
1159,385.9352248,True,-51.537899017334,-32.6022071838379,587.351867675781,True,7.93100261688232,-33.6874008178711,589.360107421875,True,-179.682342529297,228.005813598633,60.1074829101563,True,0.174488514661789,0.243757337331772,True,-178.782897949219,228.870483398438,60.422248840332,True,0.176117926836014,0.240793764591217,True,3.60755920410156,True,3.88446044921875
1160,385.936891466667,True,-51.5300216674805,-32.6098976135254,587.363037109375,True,7.92993927001953,-33.6840553283691,589.36767578125,True,-177.042587280273,222.497146606445,58.1026153564453,True,0.179270684719086,0.262637078762054,True,-178.844604492188,231.073272705078,61.2239990234375,True,0.176006138324738,0.233244180679321,True,3.612548828125,True,3.87236022949219
1161,385.938558133333,True,-51.5196228027344,-32.6110534667969,587.33349609375,True,7.93269157409668,-33.6872253417969,589.339721679688,True,-176.493438720703,221.726043701172,57.8219032287598,True,0.180265501141548,0.265279978513718,True,-178,230.075408935547,60.8607940673828,True,0.177536249160767,0.236664190888405,True,3.60626220703125,True,3.87611389160156
1162,385.9402248,True,-51.5229187011719,-32.6125183105469,587.355712890625,True,7.93426942825317,-33.6925048828125,589.332641601563,True,-175.423004150391,222.20329284668,57.9955863952637,True,0.182204678654671,0.263644218444824,True,-177.484252929688,229.472137451172,60.6412200927734,True,0.178470551967621,0.238731801509857,True,3.61074829101563,True,3.8792724609375
1163,385.941891466667,True,-51.5177688598633,-32.6108551025391,587.301086425781,True,7.93583965301514,-33.6884117126465,589.326538085938,True,-177.322219848633,221.04850769043,57.5752868652344,True,0.178764089941978,0.267602056264877,True,-178.955230712891,229.306579589844,60.5809860229492,True,0.175805747509003,0.239299133419991,True,3.62306213378906,True,3.87806701660156
1164,385.943558133333,True,-51.5224761962891,-32.6105499267578,587.291442871094,True,7.93721866607666,-33.691650390625,589.344970703125,True,-178.188339233398,221.546478271484,57.7565498352051,True,0.177195027470589,0.265895336866379,True,-178.218170166016,229.218139648438,60.548770904541,True,0.177140951156616,0.239602327346802,True,3.62432861328125,True,3.87059020996094
1165,385.9452248,True,-51.5142631530762,-32.61181640625,587.300964355469,True,7.93671989440918,-33.6913604736328,589.326538085938,True,-176.72151184082,220.076995849609,57.2216911315918,True,0.179852336645126,0.270931720733643,True,-179.283111572266,229.120910644531,60.5133972167969,True,0.175211757421494,0.239935576915741,True,3.6307373046875,True,3.86955261230469
1166,385.946891466667,True,-51.5212783813477,-32.6118927001953,587.303955078125,True,7.93960189819336,-33.6929206848145,589.33056640625,True,-178.634689331055,222.690689086914,58.1729545593262,True,0.176386445760727,0.261973857879639,True,-177.997772216797,229.443206787109,60.6306762695313,True,0.177540272474289,0.238830953836441,True,3.61676025390625,True,3.86572265625
1167,385.948558133333,True,-51.5320358276367,-32.6107063293457,587.373046875,True,7.93945693969727,-33.6926422119141,589.300048828125,True,-176.25846862793,223.382400512695,58.4247589111328,True,0.180691182613373,0.259603083133698,True,-177.920562744141,229.114318847656,60.5110054016113,True,0.177680179476738,0.239958107471466,True,3.60897827148438,True,3.87254333496094
1168,385.9502248,True,-51.521671295166,-32.611442565918,587.293151855469,True,7.94075202941895,-33.6962356567383,589.296752929688,True,-177.324783325195,223.606033325195,58.5061798095703,True,0.178759440779686,0.258836567401886,True,-178.17707824707,228.203491210938,60.1794700622559,True,0.177215456962585,0.243079781532288,True,3.60443115234375,True,3.88047790527344
1169,385.951891466667,True,-51.5221252441406,-32.6106491088867,587.289672851563,True,7.94055509567261,-33.6923599243164,589.280822753906,True,-178.341094970703,223.757080078125,58.5611419677734,True,0.176918342709541,0.258318990468979,True,-180.577453613281,230.483688354492,61.0093994140625,True,0.172866925597191,0.235264822840691,True,3.5963134765625,True,3.86325073242188
1170,385.953558133333,True,-51.519214630127,-32.6115913391113,587.293579101563,True,7.94195461273193,-33.695426940918,589.284484863281,True,-175.758026123047,222.514022827148,58.1087112426758,True,0.18159781396389,0.262579292058945,True,-178.051971435547,228.439453125,60.2653732299805,True,0.177442103624344,0.242271035909653,True,3.60972595214844,True,3.87948608398438
1171,385.9552248,True,-51.5311965942383,-32.6057357788086,587.288146972656,True,7.9414701461792,-33.6957931518555,589.263061523438,True,-177.753540039063,226.395065307617,59.5212554931641,True,0.177982732653618,0.249277889728546,True,-179.089538574219,229.694534301758,60.7221832275391,True,0.17556244134903,0.237969547510147,True,3.59431457519531,True,3.8734130859375
1172,385.956891466667,True,-51.5257949829102,-32.6130027770996,587.276184082031,True,7.94445419311523,-33.6933555603027,589.235900878906,True,-175.034332275391,222.017822265625,57.9280548095703,True,0.182908862829208,0.264280021190643,True,-179.890625,227.534881591797,59.9361305236816,True,0.174111187458038,0.245371252298355,True,3.61114501953125,True,3.87045288085938
1173,385.958558133333,True,-51.5247993469238,-32.6140518188477,587.246154785156,True,7.94098281860352,-33.6901092529297,589.285400390625,True,-176.685363769531,222.708938598633,58.1795768737793,True,0.179917827248573,0.261911332607269,True,-178.322250366211,230.615600585938,61.0573959350586,True,0.176952451467514,0.234812825918198,True,3.62007141113281,True,3.87092590332031
1174,385.9602248,True,-51.5260848999023,-32.6104049682617,587.274963378906,True,7.94232416152954,-33.695198059082,589.263977050781,True,-176.338851928711,222.833969116211,58.2251815795898,True,0.180545598268509,0.261482685804367,True,-179.033477783203,229.178192138672,60.5342178344727,True,0.175664007663727,0.23973922431469,True,3.62251281738281,True,3.8817138671875
1175,385.961891466667,True,-51.5193824768066,-32.6128997802734,587.232849121094,True,7.94401741027832,-33.6953239440918,589.282653808594,True,-178.360794067383,222.08674621582,57.9531707763672,True,0.176882579922676,0.264043688774109,True,-178.802261352539,228.2275390625,60.1882209777832,True,0.176082834601402,0.242997378110886,True,3.61367797851563,True,3.88191223144531
1176,385.963558133333,True,-51.5227127075195,-32.6121215820313,587.272521972656,True,7.94234132766724,-33.6946868896484,589.26513671875,True,-178.179229736328,223.142333984375,58.3372993469238,True,0.177211552858353,0.260426074266434,True,-179.263458251953,228.504180908203,60.2889404296875,True,0.175247341394424,0.242049247026443,True,3.61546325683594,True,3.88412475585938
1177,385.9652248,True,-51.5242385864258,-32.6126441955566,587.233276367188,True,7.94318389892578,-33.6982574462891,589.267395019531,True,-178.056854248047,222.999465942383,58.2853965759277,True,0.177433222532272,0.260915488004684,True,-179.480621337891,228.423248291016,60.2594375610352,True,0.174853920936584,0.242326587438583,True,3.60308837890625,True,3.87825012207031
1178,385.966891466667,True,-51.5255241394043,-32.6123504638672,587.200378417969,True,7.94261932373047,-33.6927070617676,589.282287597656,True,-178.45231628418,223.789794921875,58.5729751586914,True,0.176716834306717,0.258206933736801,True,-179.400375366211,227.704345703125,59.9977989196777,True,0.174999326467514,0.244790583848953,True,3.61500549316406,True,3.87022399902344
1179,385.968558133333,True,-51.51904296875,-32.6125144958496,587.209167480469,True,7.94319343566895,-33.6975059509277,589.274597167969,True,-177.55207824707,221.589370727539,57.7720642089844,True,0.1783477216959,0.265748500823975,True,-178.732543945313,226.815948486328,59.6744499206543,True,0.176209151744843,0.247835367918015,True,3.641357421875,True,3.87820434570313
1180,385.9702248,True,-51.5228691101074,-32.6162185668945,587.174865722656,True,7.9382963180542,-33.6928482055664,589.282836914063,True,-178.473602294922,221.099319458008,57.5937652587891,True,0.176678255200386,0.267427921295166,True,-179.469360351563,229.589324951172,60.6838302612305,True,0.174874365329742,0.238330155611038,True,3.61921691894531,True,3.88304138183594
1181,385.971891466667,True,-51.5198211669922,-32.6193008422852,587.180786132813,True,7.93770122528076,-33.6923828125,589.270446777344,True,-176.543426513672,219.486206054688,57.0066413879395,True,0.180174946784973,0.272956609725952,True,-180.021942138672,230.600463867188,61.0519485473633,True,0.173873275518417,0.234864562749863,True,3.62689208984375,True,3.86997985839844
1182,385.973558133333,True,-51.5228271484375,-32.6128921508789,587.181396484375,True,7.93650913238525,-33.6932983398438,589.268432617188,True,-178.443496704102,222.772125244141,58.2026290893555,True,0.176732823252678,0.261694729328156,True,-178.282943725586,229.751602172852,60.7429542541504,True,0.177023619413376,0.237773895263672,True,3.60917663574219,True,3.8641357421875
1183,385.9752248,True,-51.5320320129395,-32.6157836914063,587.220397949219,True,7.93911170959473,-33.6949081420898,589.26220703125,True,-177.042282104492,222.65202331543,58.1588859558105,True,0.179271206259727,0.26210629940033,True,-179.985687255859,225.454528808594,59.1789245605469,True,0.173938989639282,0.252501338720322,True,3.61598205566406,True,3.89341735839844
1184,385.976891466667,True,-51.532299041748,-32.6123390197754,587.188354492188,True,7.93676090240479,-33.6896667480469,589.26708984375,True,-177.900482177734,223.8115234375,58.5809020996094,True,0.177716493606567,0.258132487535477,True,-178.781463623047,228.9873046875,60.4647750854492,True,0.176120549440384,0.240393429994583,True,3.6143798828125,True,3.87434387207031
1185,385.978558133333,True,-51.5296249389648,-32.6178703308105,587.152099609375,True,7.93414926528931,-33.6959114074707,589.280883789063,True,-175.720092773438,222.19807434082,57.993709564209,True,0.181666508316994,0.263662159442902,True,-179.201416015625,229.706985473633,60.7267150878906,True,0.175359755754471,0.237926840782166,True,3.62605285644531,True,3.86747741699219
1186,385.9802248,True,-51.5271530151367,-32.6197204589844,587.178344726563,True,7.93259382247925,-33.6948089599609,589.255737304688,True,-175.011627197266,220.607162475586,57.4146614074707,True,0.182949975132942,0.269114643335342,True,-179.174224853516,228.930587768555,60.4441452026367,True,0.175409018993378,0.240587741136551,True,3.61607360839844,True,3.88032531738281
1187,385.981891466667,True,-51.5345039367676,-32.6163139343262,587.182739257813,True,7.93136215209961,-33.6899795532227,589.271118164063,True,-178.112365722656,222.559326171875,58.1252098083496,True,0.177332684397697,0.262423992156982,True,-180.458648681641,230.731689453125,61.0996551513672,True,0.173082172870636,0.234414875507355,True,3.61662292480469,True,3.86491394042969
1188,385.983558133333,True,-51.5415306091309,-32.6151580810547,587.193298339844,True,7.93230581283569,-33.6963806152344,589.288757324219,True,-177.16862487793,224.24299621582,58.7379875183105,True,0.179042354226112,0.256653547286987,True,-179.418182373047,227.058380126953,59.7626876831055,True,0.174967080354691,0.247004434466362,True,3.61012268066406,True,3.87657165527344
1189,385.9852248,True,-51.5395469665527,-32.6158294677734,587.169555664063,True,7.92941904067993,-33.6926956176758,589.277465820313,True,-177.499862670898,224.145584106445,58.7025413513184,True,0.178442299365997,0.256987512111664,True,-179.908874511719,228.960632324219,60.4550514221191,True,0.174078106880188,0.240484803915024,True,3.61109924316406,True,3.87982177734375
1190,385.986891466667,True,-51.5400695800781,-32.618408203125,587.148742675781,True,7.92087364196777,-33.6887245178223,589.270263671875,True,-177.858261108398,222.726058959961,58.1858406066895,True,0.177793011069298,0.261852651834488,True,-178.539810180664,231.008209228516,61.2003021240234,True,0.176558345556259,0.233467161655426,True,3.60975646972656,True,3.87480163574219
1191,385.988558133333,True,-51.5398063659668,-32.6231384277344,587.166625976563,True,7.92327976226807,-33.6973876953125,589.289672851563,True,-176.539123535156,219.230606079102,56.913631439209,True,0.1801827698946,0.273832589387894,True,-179.641204833984,229.204040527344,60.5436553955078,True,0.174563050270081,0.23965060710907,True,3.62284851074219,True,3.87733459472656
1192,385.9902248,True,-51.5468406677246,-32.6227798461914,587.186584472656,True,7.918869972229,-33.6927757263184,589.261596679688,True,-176.050964355469,219.461090087891,56.9974822998047,True,0.181067138910294,0.273042649030685,True,-179.962005615234,229.725143432617,60.7333068847656,True,0.173981875181198,0.237864643335342,True,3.64204406738281,True,3.87937927246094
1193,385.991891466667,True,-51.5553283691406,-32.6198501586914,587.190673828125,True,7.92098045349121,-33.6974029541016,589.257080078125,True,-178.185211181641,222.048553466797,57.939266204834,True,0.177200675010681,0.26417464017868,True,-178.472961425781,227.217193603516,59.8205337524414,True,0.17667943239212,0.246460050344467,True,3.62026977539063,True,3.88374328613281
1194,385.993558133333,True,-51.5571022033691,-32.6197052001953,587.201843261719,True,7.91858291625977,-33.6930198669434,589.2841796875,True,-176.362121582031,222.755661010742,58.1965942382813,True,0.180503413081169,0.261751264333725,True,-179.493316650391,228.571319580078,60.313362121582,True,0.174830928444862,0.241819143295288,True,3.6151123046875,True,3.87361145019531
1195,385.9952248,True,-51.5629539489746,-32.6238746643066,587.187622070313,True,7.91344261169434,-33.6949195861816,589.228759765625,True,-176.987838745117,221.669281005859,57.801197052002,True,0.179369881749153,0.26547446846962,True,-178.488357543945,226.779083251953,59.6610374450684,True,0.176651507616043,0.247961655259132,True,3.62893676757813,True,3.87969970703125
1196,385.996891466667,True,-51.5595855712891,-32.6268157958984,587.187622070313,True,7.9060378074646,-33.6920051574707,589.23193359375,True,-175.469604492188,219.085250854492,56.8607330322266,True,0.182120263576508,0.274330705404282,True,-178.858093261719,229.779510498047,60.7530746459961,True,0.17598170042038,0.237678363919258,True,3.62495422363281,True,3.88401794433594
1197,385.998558133333,True,-51.5648384094238,-32.6250991821289,587.16650390625,True,7.90756750106812,-33.6915740966797,589.249877929688,True,-175.540145874023,221.644729614258,57.7922897338867,True,0.181992471218109,0.265558660030365,True,-178.685546875,227.340606689453,59.8654022216797,True,0.176294326782227,0.246037155389786,True,3.62362670898438,True,3.87977600097656
1198,386.0002248,True,-51.5732879638672,-32.6255912780762,587.193664550781,True,7.90197849273682,-33.6931610107422,589.237854003906,True,-175.829544067383,222.842559814453,58.2281913757324,True,0.18146824836731,0.26145339012146,True,-179.51936340332,228.843688964844,60.4124984741211,True,0.174783766269684,0.240885645151138,True,3.61601257324219,True,3.87596130371094
1199,386.001891466667,True,-51.573974609375,-32.6227226257324,587.164611816406,True,7.9000678062439,-33.6920318603516,589.2255859375,True,-176.833648681641,222.648864746094,58.1577796936035,True,0.179649189114571,0.262117147445679,True,-180.430816650391,227.871459960938,60.0586166381836,True,0.173132583498955,0.244217798113823,True,3.60916137695313,True,3.87995910644531
1200,386.003558133333,True,-51.5856895446777,-32.6240615844727,587.217041015625,True,7.89867973327637,-33.6902046203613,589.251159667969,True,-176.121459960938,224.037750244141,58.6633071899414,True,0.18093940615654,0.257357031106949,True,-180.399719238281,227.633529663086,59.9719886779785,True,0.173188924789429,0.245033264160156,True,3.60720825195313,True,3.87205505371094
1201,386.0052248,True,-51.582405090332,-32.6295700073242,587.187377929688,True,7.8929705619812,-33.6899795532227,589.228149414063,True,-176.106811523438,220.40559387207,57.3412742614746,True,0.180965900421143,0.269805550575256,True,-178.588394165039,229.098907470703,60.5054321289063,True,0.176470324397087,0.240010872483253,True,3.62696838378906,True,3.8787841796875
1202,386.006891466667,True,-51.5922584533691,-32.6265182495117,587.195068359375,True,7.89211654663086,-33.6973152160645,589.228759765625,True,-177.696334838867,223.313613891602,58.399715423584,True,0.17808635532856,0.259838849306107,True,-180.722045898438,227.666427612305,59.9840240478516,True,0.172604963183403,0.244920462369919,True,3.62062072753906,True,3.87359619140625
1203,386.008558133333,True,-51.5959091186523,-32.628288269043,587.184326171875,True,7.89172649383545,-33.6944541931152,589.248046875,True,-176.995697021484,223.336227416992,58.4079437255859,True,0.179355621337891,0.259761333465576,True,-180.675155639648,228.942718505859,60.4485626220703,True,0.172689944505692,0.240546211600304,True,3.61300659179688,True,3.87275695800781
1204,386.0102248,True,-51.596923828125,-32.6303100585938,587.203063964844,True,7.88402462005615,-33.6911010742188,589.238159179688,True,-175.999038696289,222.220581054688,58.0018730163574,True,0.181161165237427,0.263585031032562,True,-179.710067749023,229.869720458984,60.7859115600586,True,0.174438297748566,0.237369194626808,True,3.62002563476563,True,3.86897277832031
1205,386.011891466667,True,-51.6015930175781,-32.6265983581543,587.176025390625,True,7.8835015296936,-33.693733215332,589.204711914063,True,-176.516479492188,224.26579284668,58.7462730407715,True,0.180223762989044,0.256575465202332,True,-179.805130004883,226.975463867188,59.7325210571289,True,0.17426609992981,0.247288629412651,True,3.61016845703125,True,3.88491821289063
1206,386.013558133333,True,-51.603328704834,-32.623592376709,587.166564941406,True,7.877845287323,-33.6932830810547,589.218383789063,True,-177.576614379883,225.923370361328,59.3496017456055,True,0.178303211927414,0.250894367694855,True,-180.994506835938,228.20849609375,60.1813125610352,True,0.172111421823502,0.243062600493431,True,3.61665344238281,True,3.886962890625
1207,386.0152248,True,-51.607177734375,-32.6266250610352,587.184875488281,True,7.87747240066528,-33.6911811828613,589.217834472656,True,-176.192932128906,223.902297973633,58.6139221191406,True,0.180809870362282,0.257821321487427,True,-181.352874755859,225.826934814453,59.3144950866699,True,0.171462178230286,0.251224964857101,True,3.61576843261719,True,3.89059448242188
1208,386.016891466667,True,-51.6089630126953,-32.6327285766602,587.180603027344,True,7.87236404418945,-33.6886138916016,589.224792480469,True,-174.698257446289,220.976013183594,57.5489082336426,True,0.183517634868622,0.267850607633591,True,-181.820022583008,229.84912109375,60.7784042358398,True,0.170615911483765,0.237439766526222,True,3.62420654296875,True,3.884033203125
1209,386.018558133333,True,-51.6099891662598,-32.6319122314453,587.159240722656,True,7.86911678314209,-33.6899604797363,589.190734863281,True,-174.823715209961,222.207427978516,57.9971733093262,True,0.183290332555771,0.263629972934723,True,-179.612670898438,228.481475830078,60.2806091308594,True,0.174614727497101,0.242127135396004,True,3.61390686035156,True,3.87831115722656
1210,386.0202248,True,-51.6170272827148,-32.6354789733887,587.170532226563,True,7.86520528793335,-33.6914596557617,589.1787109375,True,-175.221740722656,220.335098266602,57.3155364990234,True,0.182569265365601,0.270047247409821,True,-180.129516601563,227.470962524414,59.9128570556641,True,0.173678427934647,0.245590418577194,True,3.62458801269531,True,3.88429260253906
1211,386.021891466667,True,-51.6223640441895,-32.6339836120605,587.177001953125,True,7.86075401306152,-33.6891174316406,589.182250976563,True,-175.393341064453,221.617065429688,57.7822151184082,True,0.182258442044258,0.265653431415558,True,-181.886901855469,228.728317260742,60.3705062866211,True,0.170494720339775,0.241281002759933,True,3.62809753417969,True,3.8758544921875
1212,386.023558133333,True,-51.6247711181641,-32.6341705322266,587.144165039063,True,7.85449981689453,-33.6920852661133,589.158203125,True,-178.138412475586,220.892486572266,57.5184326171875,True,0.177285477519035,0.268136918544769,True,-180.922439575195,226.893463134766,59.7026672363281,True,0.172241941094398,0.247569680213928,True,3.64546203613281,True,3.8858642578125
1213,386.0252248,True,-51.6276550292969,-32.6384239196777,587.167297363281,True,7.84963178634644,-33.6891555786133,589.14111328125,True,-177.177261352539,218.517944335938,56.6542053222656,True,0.17902672290802,0.276275157928467,True,-181.433654785156,225.768096923828,59.2930603027344,True,0.171315833926201,0.251426637172699,True,3.63970947265625,True,3.89704895019531
1214,386.026891466667,True,-51.6381950378418,-32.6345176696777,587.152526855469,True,7.84587717056274,-33.6921768188477,589.158325195313,True,-176.579696655273,222.53450012207,58.1161193847656,True,0.180109277367592,0.262509137392044,True,-180.695007324219,227.649444580078,59.9778366088867,True,0.172653943300247,0.244978606700897,True,3.63275146484375,True,3.88143920898438
1215,386.028558133333,True,-51.6416778564453,-32.6366577148438,587.157043457031,True,7.84012365341187,-33.6953430175781,589.17138671875,True,-176.844909667969,221.004669189453,57.5593299865723,True,0.179628804326057,0.267752319574356,True,-179.665435791016,226.034927368164,59.3901710510254,True,0.174519151449203,0.25051212310791,True,3.63700866699219,True,3.89671325683594
1216,386.0302248,True,-51.6351127624512,-32.6412582397461,587.110046386719,True,7.83302593231201,-33.692008972168,589.171264648438,True,-176.764984130859,218.321823120117,56.5827789306641,True,0.179773613810539,0.276947349309921,True,-178.351470947266,228.350677490234,60.2330551147461,True,0.176899492740631,0.242575317621231,True,3.65013122558594,True,3.88613891601563
1217,386.031891466667,True,-51.6409301757813,-32.6418495178223,587.070251464844,True,7.82638645172119,-33.6875076293945,589.168273925781,True,-176.948944091797,218.764526367188,56.7439880371094,True,0.179440319538116,0.275429964065552,True,-178.562118530273,228.025299072266,60.114631652832,True,0.17651791870594,0.243690505623817,True,3.64474487304688,True,3.88409423828125
1218,386.033558133333,True,-51.6546020507813,-32.6343803405762,587.077026367188,True,7.82162570953369,-33.6910400390625,589.165222167969,True,-177.671936035156,224.752563476563,58.9234466552734,True,0.1781305372715,0.254907131195068,True,-179.761505126953,226.937637329102,59.7187767028809,True,0.174345090985298,0.247418195009232,True,3.62026977539063,True,3.88581848144531
1219,386.0352248,True,-51.6508979797363,-32.6423797607422,587.074157714844,True,7.81579399108887,-33.687744140625,589.179077148438,True,-176.788619995117,220.489181518555,57.3717002868652,True,0.179730802774429,0.269519090652466,True,-179.848739624023,229.360122680664,60.600456237793,True,0.17418709397316,0.239115625619888,True,3.63278198242188,True,3.88265991210938
1220,386.036891466667,True,-51.6560287475586,-32.6414260864258,587.035949707031,True,7.81327772140503,-33.6889114379883,589.208862304688,True,-177.382797241211,220.505966186523,57.3777847290039,True,0.178654357790947,0.269461631774902,True,-179.148284912109,228.84538269043,60.4131164550781,True,0.175455987453461,0.240879774093628,True,3.62690734863281,True,3.87936401367188
1221,386.038558133333,True,-51.6622924804688,-32.6380729675293,587.029052734375,True,7.80837726593018,-33.6888580322266,589.189392089844,True,-179.005981445313,222.851104736328,58.2313690185547,True,0.175713807344437,0.261424094438553,True,-179.018218994141,227.375244140625,59.8780097961426,True,0.17569163441658,0.245918482542038,True,3.63151550292969,True,3.87287902832031
1222,386.0402248,True,-51.6686592102051,-32.6398162841797,587.036804199219,True,7.80133438110352,-33.6927146911621,589.26123046875,True,-176.814376831055,223.988098144531,58.6451301574707,True,0.17968413233757,0.257527321577072,True,-179.118927001953,228.231109619141,60.1895523071289,True,0.175509214401245,0.242985099554062,True,3.61799621582031,True,3.89340209960938
1223,386.041891466667,True,-51.6772155761719,-32.6437492370605,587.063049316406,True,7.79633140563965,-33.6878051757813,589.242248535156,True,-177.80354309082,220.164489746094,57.253547668457,True,0.177892118692398,0.2706318795681,True,-179.027877807617,228.391510009766,60.247917175293,True,0.175674140453339,0.242435485124588,True,3.63868713378906,True,3.88475036621094
1224,386.043558133333,True,-51.6856117248535,-32.6443481445313,587.054382324219,True,7.79047298431396,-33.688591003418,589.2705078125,True,-178.371719360352,222.318572998047,58.0375518798828,True,0.176862850785255,0.26324924826622,True,-178.725433349609,228.611740112305,60.3280830383301,True,0.176222056150436,0.241680592298508,True,3.64181518554688,True,3.886474609375
1225,386.0452248,True,-51.6950531005859,-32.6415977478027,587.044677734375,True,7.78148603439331,-33.6874771118164,589.2236328125,True,-179.031646728516,225.053634643555,59.0329666137695,True,0.175667271018028,0.253875374794006,True,-180.005172729492,227.835662841797,60.0455703735352,True,0.17390364408493,0.244340449571609,True,3.61509704589844,True,3.88545227050781
1226,386.046891466667,True,-51.7000999450684,-32.6432495117188,587.048645019531,True,7.77650165557861,-33.6898002624512,589.229248046875,True,-178.256256103516,223.175201416016,58.3493804931641,True,0.177072003483772,0.260313183069229,True,-179.275543212891,227.614196777344,59.9649925231934,True,0.175225496292114,0.245099484920502,True,3.63619995117188,True,3.88507080078125
1227,386.048558133333,True,-51.7067985534668,-32.647102355957,587.064270019531,True,7.77129936218262,-33.6862182617188,589.224609375,True,-176.670379638672,221.847442626953,57.8660469055176,True,0.17994499206543,0.264863908290863,True,-179.737442016602,229.759796142578,60.7459030151367,True,0.174388706684113,0.23774591088295,True,3.62127685546875,True,3.87814331054688
1228,386.0502248,True,-51.7045135498047,-32.6517677307129,587.061828613281,True,7.76678895950317,-33.6825256347656,589.226257324219,True,-176.146987915039,218.723861694336,56.7291526794434,True,0.180893108248711,0.275569379329681,True,-179.901794433594,228.895263671875,60.4312477111816,True,0.174090951681137,0.240708947181702,True,3.64680480957031,True,3.88214111328125
1229,386.051891466667,True,-51.7188949584961,-32.646411895752,587.070556640625,True,7.76275253295898,-33.6843795776367,589.264038085938,True,-175.872741699219,223.007202148438,58.288200378418,True,0.181389927864075,0.260889023542404,True,-180.798950195313,228.515167236328,60.2929229736328,True,0.172465652227402,0.242011532187462,True,3.61599731445313,True,3.8885498046875
1230,386.053558133333,True,-51.7214698791504,-32.649169921875,587.076782226563,True,7.75834465026855,-33.6875267028809,589.245483398438,True,-176.272674560547,221.302337646484,57.6676979064941,True,0.180665448307991,0.26673212647438,True,-180.483825683594,227.553955078125,59.9430541992188,True,0.173036530613899,0.245305895805359,True,3.6444091796875,True,3.89163208007813
1231,386.0552248,True,-51.7284469604492,-32.6454925537109,587.049682617188,True,7.75148677825928,-33.6815452575684,589.231323242188,True,-175.779281616211,223.225051879883,58.3675270080566,True,0.18155924975872,0.26014232635498,True,-179.812881469727,228.832092285156,60.4083099365234,True,0.17425200343132,0.240925312042236,True,3.62350463867188,True,3.88096618652344
1232,386.056891466667,True,-51.7351341247559,-32.6475830078125,587.047729492188,True,7.74725770950317,-33.6834297180176,589.263916015625,True,-177.975723266602,222.855819702148,58.2330513000488,True,0.17758022248745,0.261407971382141,True,-179.986892700195,228.822357177734,60.4047393798828,True,0.173936814069748,0.240958720445633,True,3.62791442871094,True,3.88227844238281
1233,386.058558133333,True,-51.7459144592285,-32.6587867736816,587.074096679688,True,7.74171924591064,-33.6800384521484,589.225463867188,True,-176.697738647461,221.014526367188,57.5628967285156,True,0.179895430803299,0.267718642950058,True,-181.780700683594,229.753616333008,60.7436752319336,True,0.17068712413311,0.237767085433006,True,3.64736938476563,True,3.88174438476563
1234,386.0602248,True,-51.7500114440918,-32.6581115722656,587.067321777344,True,7.73791980743408,-33.6815490722656,589.220336914063,True,-176.585372924805,221.909637451172,57.8887252807617,True,0.18009902536869,0.264650791883469,True,-179.596084594727,228.116088867188,60.1476898193359,True,0.174644783139229,0.243379294872284,True,3.64471435546875,True,3.88742065429688
1235,386.061891466667,True,-51.7517929077148,-32.6587524414063,587.066101074219,True,7.73210144042969,-33.6755828857422,589.207397460938,True,-176.660766601563,220.530975341797,57.386890411377,True,0.179962351918221,0.269375830888748,True,-180.669769287109,228.501800537109,60.2880477905273,True,0.172699689865112,0.242057383060455,True,3.64897155761719,True,3.88575744628906
1236,386.063558133333,True,-51.7646675109863,-32.6551246643066,587.059997558594,True,7.72459888458252,-33.6766357421875,589.172424316406,True,-176.572143554688,224.017608642578,58.6559753417969,True,0.180122926831245,0.257426083087921,True,-180.415100097656,229.458953857422,60.6364135742188,True,0.173161074519157,0.238776981830597,True,3.63394165039063,True,3.89230346679688
1237,386.0652248,True,-51.7616500854492,-32.6576728820801,587.016967773438,True,7.71441841125488,-33.671142578125,589.172241210938,True,-175.434555053711,221.970748901367,57.9109420776367,True,0.182183787226677,0.264441281557083,True,-179.260650634766,228.962432861328,60.4557495117188,True,0.175252422690392,0.240478545427322,True,3.62393188476563,True,3.88052368164063
1238,386.066891466667,True,-51.7668190002441,-32.659912109375,586.991943359375,True,7.71013355255127,-33.6752014160156,589.166931152344,True,-177.488006591797,221.349411010742,57.6848068237305,True,0.178463757038116,0.266570776700974,True,-179.882568359375,227.583984375,59.9540214538574,True,0.174125790596008,0.245202943682671,True,3.64424133300781,True,3.8868408203125
1239,386.068558133333,True,-51.7777442932129,-32.6516532897949,586.972106933594,True,7.70562028884888,-33.677734375,589.164306640625,True,-177.924591064453,227.155319213867,59.7980079650879,True,0.177672833204269,0.246672198176384,True,-178.98957824707,227.8388671875,60.046760559082,True,0.175743520259857,0.244329452514648,True,3.62287902832031,True,3.89584350585938
1240,386.0702248,True,-51.7702293395996,-32.6631546020508,586.972106933594,True,7.69661903381348,-33.6755523681641,589.12109375,True,-175.537734985352,220.435699462891,57.3522033691406,True,0.1819968521595,0.269702464342117,True,-180.697296142578,228.850341796875,60.4148941040039,True,0.172649830579758,0.240862846374512,True,3.63240051269531,True,3.89808654785156
1241,386.071891466667,True,-51.7836608886719,-32.6511001586914,586.969421386719,True,7.69072437286377,-33.6761627197266,589.136474609375,True,-176.948974609375,226.775115966797,59.6595726013184,True,0.179440289735794,0.247975260019302,True,-179.713836669922,229.628204345703,60.6980590820313,True,0.174431473016739,0.238196849822998,True,3.62348937988281,True,3.8873291015625
1242,386.073558133333,True,-51.780933380127,-32.6567306518555,586.938110351563,True,7.68391609191895,-33.6735916137695,589.175354003906,True,-178.513854980469,222.889205932617,58.2452239990234,True,0.176605328917503,0.261293530464172,True,-178.891296386719,228.027465820313,60.1154174804688,True,0.175921559333801,0.243683055043221,True,3.63735961914063,True,3.8946533203125
1243,386.0752248,True,-51.7837448120117,-32.6457977294922,586.921508789063,True,7.67628192901611,-33.6720771789551,589.173095703125,True,-178.341125488281,224.307388305664,58.7613945007324,True,0.176918238401413,0.256432950496674,True,-179.530410766602,227.869018554688,60.057731628418,True,0.174763768911362,0.244226142764091,True,3.63497924804688,True,3.90158081054688
1244,386.076891466667,True,-51.784912109375,-32.6489486694336,586.910095214844,True,7.67511510848999,-33.6734619140625,589.165649414063,True,-176.730209350586,221.877471923828,57.8769760131836,True,0.179836586117744,0.264760971069336,True,-179.560272216797,224.611877441406,58.872257232666,True,0.174709603190422,0.255389302968979,True,3.625,True,3.91949462890625
1245,386.078558133333,True,-51.796802520752,-32.6465721130371,586.914855957031,True,7.6668176651001,-33.6694183349609,589.203796386719,True,-177.780700683594,224.852462768555,58.9597778320313,True,0.177933514118195,0.254564791917801,True,-179.475067138672,230.032409667969,60.8451232910156,True,0.174864023923874,0.236811608076096,True,3.62779235839844,True,3.88282775878906
1246,386.0802248,True,-51.7985992431641,-32.6521377563477,586.938049316406,True,7.66225624084473,-33.6681327819824,589.196105957031,True,-177.380386352539,219.162460327148,56.8888359069824,True,0.178658723831177,0.274066120386124,True,-178.887542724609,228.950897216797,60.4515075683594,True,0.175928384065628,0.240518182516098,True,3.63729858398438,True,3.89076232910156
1247,386.081891466667,True,-51.8159637451172,-32.6477890014648,586.946838378906,True,7.65105152130127,-33.6692504882813,589.191772460938,True,-177.43017578125,223.215057373047,58.363826751709,True,0.178568586707115,0.260176748037338,True,-179.207458496094,229.889862060547,60.7932662963867,True,0.175348818302155,0.237300053238869,True,3.63424682617188,True,3.88546752929688
1248,386.083558133333,True,-51.8104515075684,-32.6562004089355,586.901550292969,True,7.64686679840088,-33.6618614196777,589.185607910156,True,-175.39030456543,218.910095214844,56.7969627380371,True,0.182263910770416,0.274931073188782,True,-178.534515380859,230.314300537109,60.9477615356445,True,0.176567927002907,0.235845446586609,True,3.66120910644531,True,3.87747192382813
1249,386.0852248,True,-51.8152465820313,-32.65283203125,586.908874511719,True,7.63950061798096,-33.6609687805176,589.185791015625,True,-176.228424072266,219.897659301758,57.1564025878906,True,0.180745586752892,0.271546363830566,True,-179.947570800781,229.675842285156,60.7153472900391,True,0.174008011817932,0.238033533096313,True,3.64854431152344,True,3.89122009277344
1250,386.086891466667,True,-51.8388404846191,-32.6439437866211,586.963256835938,True,7.63568496704102,-33.6604843139648,589.213928222656,True,-177.084609985352,225.585662841797,59.2266883850098,True,0.179194539785385,0.252051919698715,True,-179.590255737305,229.279037475586,60.5709762573242,True,0.174655318260193,0.239393562078476,True,3.62936401367188,True,3.88409423828125
1251,386.088558133333,True,-51.8351097106934,-32.6536178588867,586.955017089844,True,7.63343954086304,-33.6589508056641,589.224243164063,True,-176.01008605957,220.679290771484,57.4408912658691,True,0.181141182780266,0.268867492675781,True,-178.622833251953,228.743637084961,60.3760757446289,True,0.176407903432846,0.241228550672531,True,3.64686584472656,True,3.88993835449219
1252,386.0902248,True,-51.8428916931152,-32.6480484008789,586.9697265625,True,7.62867212295532,-33.6557273864746,589.23095703125,True,-176.54426574707,222.47004699707,58.0926818847656,True,0.180173426866531,0.262730002403259,True,-180.057800292969,228.831115722656,60.4078826904297,True,0.173808336257935,0.240928798913956,True,3.63804626464844,True,3.90061950683594
1253,386.091891466667,True,-51.8359069824219,-32.6521034240723,586.912475585938,True,7.6233057975769,-33.6563262939453,589.228149414063,True,-176.856231689453,220.063095092773,57.2165832519531,True,0.179608285427094,0.270979434251785,True,-179.918273925781,227.928375244141,60.079345703125,True,0.174061119556427,0.244022727012634,True,3.64898681640625,True,3.9056396484375
1254,386.093558133333,True,-51.8512840270996,-32.6488342285156,586.951232910156,True,7.62093877792358,-33.6617126464844,589.213684082031,True,-177.085174560547,222.708282470703,58.1793746948242,True,0.179193526506424,0.261913597583771,True,-179.453491210938,227.554138183594,59.9431495666504,True,0.174903109669685,0.245305269956589,True,3.63589477539063,True,3.89532470703125
1255,386.0952248,True,-51.8503265380859,-32.6567306518555,586.925231933594,True,7.61068391799927,-33.6512641906738,589.224975585938,True,-176.231155395508,218.233474731445,56.5506439208984,True,0.180740669369698,0.277250111103058,True,-179.28596496582,229.148864746094,60.523567199707,True,0.175206571817398,0.239839658141136,True,3.65556335449219,True,3.88983154296875
1256,386.096891466667,True,-51.8504867553711,-32.6541481018066,586.898315429688,True,7.60700702667236,-33.6487426757813,589.203979492188,True,-177.088821411133,218.289611816406,56.5710906982422,True,0.179186940193176,0.277057737112045,True,-180.288452148438,229.628082275391,60.6980056762695,True,0.173390477895737,0.238197177648544,True,3.6517333984375,True,3.90252685546875
1257,386.098558133333,True,-51.8717498779297,-32.6591262817383,586.982177734375,True,7.60248470306396,-33.6475982666016,589.199523925781,True,-175.176513671875,220.840805053711,57.4996795654297,True,0.182651221752167,0.268313884735107,True,-179.275283813477,229.289581298828,60.5747871398926,True,0.17522594332695,0.239357382059097,True,3.64735412597656,True,3.88868713378906
1258,386.1002248,True,-51.8731346130371,-32.6589965820313,586.946472167969,True,7.59611415863037,-33.6514587402344,589.174682617188,True,-172.902984619141,220.646148681641,57.4288482666016,True,0.186769932508469,0.268981009721756,True,-180.186737060547,228.451782226563,60.2698593139648,True,0.173574715852737,0.242228835821152,True,3.65042114257813,True,3.88748168945313
1259,386.101891466667,True,-51.8824234008789,-32.6557922363281,586.972473144531,True,7.59030723571777,-33.643985748291,589.138793945313,True,-175.853790283203,223.493286132813,58.4651222229004,True,0.181424275040627,0.259223073720932,True,-180.235778808594,229.37060546875,60.6042823791504,True,0.173485890030861,0.239079773426056,True,3.6357421875,True,3.889404296875
1260,386.103558133333,True,-51.888240814209,-32.6543273925781,586.965148925781,True,7.58393096923828,-33.6404113769531,589.124145507813,True,-176.29963684082,223.018127441406,58.2921676635742,True,0.180616587400436,0.260851621627808,True,-180.645858764648,229.981857299805,60.826732635498,True,0.172743022441864,0.236984819173813,True,3.66238403320313,True,3.89384460449219
1261,386.1052248,True,-51.8882904052734,-32.654857635498,586.939208984375,True,7.58295154571533,-33.6485366821289,589.070434570313,True,-175.152435302734,221.921203613281,57.8929214477539,True,0.182694837450981,0.264611035585403,True,-179.027740478516,227.611328125,59.9639739990234,True,0.17567440867424,0.245109260082245,True,3.65188598632813,True,3.90480041503906
1262,386.106891466667,True,-51.8870735168457,-32.6593818664551,586.916687011719,True,7.57417774200439,-33.6423606872559,589.08349609375,True,-175.85807800293,218.611618041992,56.688304901123,True,0.181416556239128,0.275954037904739,True,-179.683090209961,230.660766601563,61.073860168457,True,0.174487128853798,0.234657913446426,True,3.66197204589844,True,3.901123046875
1263,386.108558133333,True,-51.8933906555176,-32.6491470336914,586.887878417969,True,7.5709114074707,-33.6408462524414,589.055541992188,True,-176.733337402344,225.434387207031,59.1716041564941,True,0.179830893874168,0.252570331096649,True,-180.211532592773,229.60871887207,60.6909484863281,True,0.173529833555222,0.238263636827469,True,3.63018798828125,True,3.88943481445313
1264,386.1102248,True,-51.8973655700684,-32.6492195129395,586.894470214844,True,7.56515598297119,-33.6365547180176,589.029052734375,True,-178.316207885742,223.417358398438,58.4374237060547,True,0.176963418722153,0.259483367204666,True,-179.86962890625,229.989929199219,60.8296966552734,True,0.174149245023727,0.23695707321167,True,3.64572143554688,True,3.88821411132813
1265,386.111891466667,True,-51.8986930847168,-32.6463508605957,586.85498046875,True,7.56115627288818,-33.6348915100098,589.012329101563,True,-176.271072387695,225.278015136719,59.1146774291992,True,0.180668339133263,0.253106325864792,True,-179.935852050781,229.301544189453,60.5791358947754,True,0.174029275774956,0.239316359162331,True,3.63800048828125,True,3.8948974609375
1266,386.113558133333,True,-51.8962898254395,-32.6481475830078,586.875305175781,True,7.55867671966553,-33.6362800598145,589.026184082031,True,-176.700805664063,222.201629638672,57.9950180053711,True,0.179889813065529,0.263649940490723,True,-179.726791381836,228.242950439453,60.1938171386719,True,0.174407958984375,0.242944568395615,True,3.63922119140625,True,3.89494323730469
1267,386.1152248,True,-51.9033584594727,-32.6460456848145,586.859191894531,True,7.55448722839355,-33.6327056884766,588.999755859375,True,-176.842269897461,224.820816040039,58.9483032226563,True,0.179633587598801,0.254673182964325,True,-179.183776855469,229.882568359375,60.7906112670898,True,0.17539170384407,0.237325102090836,True,3.62748718261719,True,3.894287109375
1268,386.116891466667,True,-51.9065284729004,-32.644115447998,586.82470703125,True,7.55212211608887,-33.6361312866211,589.013732910156,True,-177.365859985352,225.237930297852,59.1000709533691,True,0.178685024380684,0.253243714570999,True,-179.812423706055,227.557846069336,59.9444580078125,True,0.174252837896347,0.245292603969574,True,3.6510009765625,True,3.9013671875
1269,386.118558133333,True,-51.9008483886719,-32.6493797302246,586.791809082031,True,7.54638528823853,-33.625904083252,589.008117675781,True,-178.371154785156,221.069610595703,57.5829544067383,True,0.176863849163055,0.267529726028442,True,-179.565902709961,229.989852905273,60.8296813964844,True,0.174699455499649,0.23695732653141,True,3.66523742675781,True,3.89071655273438
1270,386.1202248,True,-51.9049186706543,-32.6346435546875,586.776611328125,True,7.5432596206665,-33.6311531066895,589.018493652344,True,-178.939254760742,224.583236694336,58.8618354797363,True,0.175834700465202,0.255487442016602,True,-178.257843017578,227.925811767578,60.0784301757813,True,0.177069112658501,0.244031384587288,True,3.62678527832031,True,3.90020751953125
1271,386.121891466667,True,-51.9082641601563,-32.6341667175293,586.7568359375,True,7.53945541381836,-33.6277236938477,589.04736328125,True,-178.738967895508,224.080444335938,58.678840637207,True,0.176197499036789,0.257210552692413,True,-179.46076965332,230.113388061523,60.8746185302734,True,0.174889907240868,0.236534029245377,True,3.62765502929688,True,3.89068603515625
1272,386.123558133333,True,-51.9144668579102,-32.6360015869141,586.78857421875,True,7.53788375854492,-33.6261329650879,589.049987792969,True,-178.489990234375,222.751190185547,58.1950340270996,True,0.176648586988449,0.261766403913498,True,-179.173431396484,228.434844970703,60.2636985778809,True,0.175410449504852,0.242286846041679,True,3.64468383789063,True,3.89035034179688
1273,386.1252248,True,-51.9144439697266,-32.6326217651367,586.781677246094,True,7.5317497253418,-33.6184005737305,589.047485351563,True,-177.101852416992,223.758880615234,58.5617866516113,True,0.179163292050362,0.258312821388245,True,-180.085632324219,229.993515014648,60.8310012817383,True,0.173757880926132,0.236944764852524,True,3.6304931640625,True,3.8946533203125
1274,386.126891466667,True,-51.9158020019531,-32.6348114013672,586.776489257813,True,7.52671194076538,-33.6114654541016,589.061767578125,True,-177.714462280273,221.896682739258,57.8839912414551,True,0.178053557872772,0.264695107936859,True,-179.437103271484,230.610244750977,61.0554885864258,True,0.174932777881622,0.234831094741821,True,3.63201904296875,True,3.89521789550781
1275,386.128558133333,True,-51.9275093078613,-32.6341247558594,586.796081542969,True,7.52621459960938,-33.6142234802246,589.068420410156,True,-177.785369873047,222.889892578125,58.2455062866211,True,0.177925050258636,0.261290997266769,True,-179.845733642578,230.938217163086,61.1748008728027,True,0.174192532896996,0.233707100152969,True,3.62730407714844,True,3.88505554199219
1276,386.1302248,True,-51.9295463562012,-32.6355438232422,586.80224609375,True,7.52588415145874,-33.6202430725098,589.0576171875,True,-176.365325927734,221.855773925781,57.8691596984863,True,0.180497586727142,0.264835298061371,True,-178.679077148438,227.834503173828,60.0451774597168,True,0.17630597949028,0.244344383478165,True,3.64178466796875,True,3.90068054199219
1277,386.131891466667,True,-51.935791015625,-32.6318321228027,586.812438964844,True,7.52215957641602,-33.610969543457,589.080078125,True,-177.958099365234,222.989151000977,58.2816123962402,True,0.177612155675888,0.260950922966003,True,-179.25520324707,228.502410888672,60.2882537841797,True,0.175262272357941,0.242055311799049,True,3.64378356933594,True,3.889892578125
1278,386.133558133333,True,-51.9332580566406,-32.6354789733887,586.834777832031,True,7.51774168014526,-33.6111373901367,589.086608886719,True,-176.341674804688,219.328262329102,56.9491271972656,True,0.180540442466736,0.273497939109802,True,-179.706161499023,229.239303588867,60.5564651489258,True,0.174445390701294,0.23952978849411,True,3.65301513671875,True,3.89250183105469
1279,386.1352248,True,-51.9391708374023,-32.6381072998047,586.819580078125,True,7.51679515838623,-33.6133270263672,589.098815917969,True,-177.916687011719,218.343688964844,56.5908088684082,True,0.177687138319016,0.276872277259827,True,-179.109680175781,228.912048339844,60.4373435974121,True,0.175525978207588,0.240651339292526,True,3.64968872070313,True,3.88783264160156
1280,386.136891466667,True,-51.9372787475586,-32.6349868774414,586.823120117188,True,7.51709175109863,-33.6159133911133,589.082885742188,True,-176.64469909668,217.080200195313,56.1309242248535,True,0.179991513490677,0.281202673912048,True,-179.754486083984,227.904449462891,60.0706481933594,True,0.174357801675797,0.244104713201523,True,3.65492248535156,True,3.89555358886719
1281,386.138558133333,True,-51.9450531005859,-32.6383857727051,586.838439941406,True,7.51192665100098,-33.6099395751953,589.059814453125,True,-176.40251159668,217.353088378906,56.2302360534668,True,0.180430218577385,0.2802674472332,True,-179.004089355469,228.626220703125,60.3333206176758,True,0.175717234611511,0.241631001234055,True,3.65472412109375,True,3.89598083496094
1282,386.1402248,True,-51.9563598632813,-32.6320915222168,586.844848632813,True,7.5074634552002,-33.6102294921875,589.070922851563,True,-176.153228759766,221.846710205078,57.8657875061035,True,0.180881813168526,0.264866411685944,True,-179.265502929688,229.612991333008,60.692497253418,True,0.17524366080761,0.238248988986015,True,3.646240234375,True,3.89625549316406
1283,386.141891466667,True,-51.9583320617676,-32.6278991699219,586.836059570313,True,7.50542831420898,-33.6058921813965,589.089416503906,True,-177.808563232422,223.699783325195,58.5402603149414,True,0.177883073687553,0.258515328168869,True,-179.353317260742,230.068725585938,60.8583755493164,True,0.175084546208382,0.23668709397316,True,3.62507629394531,True,3.88514709472656
1284,386.143558133333,True,-51.955810546875,-32.630672454834,586.822265625,True,7.50363349914551,-33.6037292480469,589.082641601563,True,-175.482849121094,221.040451049805,57.5723571777344,True,0.182096257805824,0.267629683017731,True,-178.967575073242,228.718688964844,60.3670272827148,True,0.17578336596489,0.241314008831978,True,3.64947509765625,True,3.89427185058594
1285,386.1452248,True,-51.9545288085938,-32.6336669921875,586.851318359375,True,7.50185489654541,-33.606575012207,589.068908691406,True,-176.968811035156,219.130996704102,56.8773574829102,True,0.179404303431511,0.274173974990845,True,-178.653244018555,227.539489746094,59.9378280639648,True,0.176352828741074,0.24535545706749,True,3.66023254394531,True,3.89703369140625
1286,386.146891466667,True,-51.9619522094727,-32.6330490112305,586.842651367188,True,7.49619913101196,-33.6028747558594,589.023559570313,True,-176.775115966797,218.661483764648,56.7064552307129,True,0.179755166172981,0.275783151388168,True,-179.265350341797,228.379684448242,60.2436218261719,True,0.17524391412735,0.242475897073746,True,3.64251708984375,True,3.8973388671875
1287,386.148558133333,True,-51.9669761657715,-32.631103515625,586.842407226563,True,7.49623775482178,-33.615119934082,589.075073242188,True,-176.60710144043,220.130218505859,57.2410049438477,True,0.180059596896172,0.27074933052063,True,-177.898422241211,227.420303344727,59.8944091796875,True,0.177720248699188,0.245764046907425,True,3.65927124023438,True,3.90609741210938
1288,386.1502248,True,-51.9639282226563,-32.6326065063477,586.833862304688,True,7.49197101593018,-33.6058006286621,589.040649414063,True,-176.28971862793,219.710388183594,57.088191986084,True,0.18063460290432,0.272188365459442,True,-179.557525634766,230.119094848633,60.8767280578613,True,0.174714609980583,0.236514419317245,True,3.65031433105469,True,3.89019775390625
1289,386.151891466667,True,-51.9658203125,-32.6249313354492,586.812377929688,True,7.48898267745972,-33.5995864868164,589.036071777344,True,-177.277893066406,222.28581237793,58.0256309509277,True,0.178844377398491,0.263361424207687,True,-179.22087097168,228.994644165039,60.4674835205078,True,0.175324514508247,0.24036817252636,True,3.65150451660156,True,3.88896179199219
1290,386.153558133333,True,-51.9668502807617,-32.6306953430176,586.845947265625,True,7.48600959777832,-33.6035614013672,588.990478515625,True,-176.716033935547,218.649612426758,56.7021369934082,True,0.179862260818481,0.275823831558228,True,-178.971343994141,228.631530761719,60.3352851867676,True,0.175776526331902,0.241612762212753,True,3.65936279296875,True,3.89152526855469
1291,386.1552248,True,-51.9693412780762,-32.6310195922852,586.837280273438,True,7.48469161987305,-33.599552154541,589.003295898438,True,-176.321716308594,218.829605102539,56.7676620483398,True,0.180576607584953,0.275206983089447,True,-179.69059753418,229.402359008789,60.6158294677734,True,0.17447355389595,0.238970935344696,True,3.65621948242188,True,3.8916015625
1292,386.156891466667,True,-51.9739570617676,-32.6305770874023,586.871459960938,True,7.48105669021606,-33.5960235595703,588.986206054688,True,-175.841323852539,219.702590942383,57.0854072570801,True,0.181446835398674,0.27221491932869,True,-179.185546875,230.368225097656,60.9673767089844,True,0.17538845539093,0.235660538077354,True,3.65678405761719,True,3.88020324707031
1293,386.158558133333,True,-51.9709587097168,-32.6312789916992,586.840698242188,True,7.47923851013184,-33.6048355102539,588.938110351563,True,-175.647888183594,219.230377197266,56.9135360717773,True,0.181797310709953,0.273833394050598,True,-179.596374511719,228.583587646484,60.3178291320801,True,0.174644261598587,0.241777062416077,True,3.64144897460938,True,3.89712524414063
1294,386.1602248,True,-51.9752235412598,-32.6272850036621,586.850952148438,True,7.47719573974609,-33.6020355224609,588.919006347656,True,-175.57502746582,220.203735351563,57.2678108215332,True,0.18192932009697,0.270497411489487,True,-178.392654418945,228.105194091797,60.1437072753906,True,0.176824897527695,0.243416681885719,True,3.64552307128906,True,3.89617919921875
1295,386.161891466667,True,-51.9717254638672,-32.629810333252,586.823059082031,True,7.47564315795898,-33.6030006408691,588.912292480469,True,-176.5654296875,217.077087402344,56.1298179626465,True,0.18013508617878,0.281213253736496,True,-178.74365234375,226.895629882813,59.7034683227539,True,0.17618902027607,0.247562229633331,True,3.66361999511719,True,3.8995361328125
1296,386.163558133333,True,-51.9750900268555,-32.6283187866211,586.8330078125,True,7.47391796112061,-33.6040077209473,588.9072265625,True,-176.308090209961,220.06575012207,57.2175407409668,True,0.18060128390789,0.270970404148102,True,-178.286407470703,227.583251953125,59.9537200927734,True,0.177017405629158,0.245205610990524,True,3.65025329589844,True,3.899169921875
1297,386.1652248,True,-51.9820137023926,-32.6283874511719,586.837097167969,True,7.47151374816895,-33.6049842834473,588.894104003906,True,-176.755599975586,220.748992919922,57.4662666320801,True,0.179790571331978,0.268628716468811,True,-178.989303588867,228.325714111328,60.2239761352539,True,0.175744011998177,0.242660865187645,True,3.647216796875,True,3.89857482910156
1298,386.166891466667,True,-51.9812850952148,-32.627571105957,586.824768066406,True,7.46719694137573,-33.5973663330078,588.873168945313,True,-177.027008056641,220.516571044922,57.3816757202148,True,0.179298892617226,0.269425243139267,True,-179.90950012207,231.346130371094,61.3233299255371,True,0.174076974391937,0.232309013605118,True,3.6474609375,True,3.88749694824219
1299,386.168558133333,True,-51.9783134460449,-32.6264610290527,586.815063476563,True,7.46774768829346,-33.6036911010742,588.857299804688,True,-177.094314575195,220.478713989258,57.3678855895996,True,0.179176956415176,0.269554972648621,True,-178.652374267578,228.636047363281,60.3368835449219,True,0.17635440826416,0.241597354412079,True,3.65090942382813,True,3.89459228515625
1300,386.1702248,True,-51.9837303161621,-32.6248397827148,586.829650878906,True,7.46656847000122,-33.6040306091309,588.837158203125,True,-177.433135986328,221.619293212891,57.7829704284668,True,0.178563162684441,0.265645861625671,True,-178.480316162109,226.604675292969,59.5975570678711,True,0.176666080951691,0.248559355735779,True,3.65325927734375,True,3.9033203125
1301,386.171891466667,True,-51.9812278747559,-32.6286010742188,586.833129882813,True,7.46568155288696,-33.605339050293,588.855102539063,True,-176.225662231445,219.443115234375,56.9910125732422,True,0.180750623345375,0.273104190826416,True,-178.326553344727,227.686889648438,59.9914321899414,True,0.176944643259048,0.244850307703018,True,3.66481018066406,True,3.88648986816406
1302,386.173558133333,True,-51.9899406433105,-32.629768371582,586.844116210938,True,7.46335172653198,-33.6039772033691,588.823059082031,True,-176.352905273438,220.577514648438,57.4038467407227,True,0.180520102381706,0.269216358661652,True,-179.340545654297,227.33349609375,59.8628311157227,True,0.175107687711716,0.246061533689499,True,3.65342712402344,True,3.88937377929688
1303,386.1752248,True,-51.9825668334961,-32.6282653808594,586.815002441406,True,7.4578914642334,-33.6048774719238,588.835021972656,True,-177.984649658203,220.198318481445,57.2658500671387,True,0.177564054727554,0.270516037940979,True,-177.644790649414,229.121322631836,60.5135650634766,True,0.178179740905762,0.239934056997299,True,3.66806030273438,True,3.88729858398438
1304,386.176891466667,True,-51.9910469055176,-32.629451751709,586.837280273438,True,7.45779132843018,-33.6061973571777,588.850830078125,True,-176.20881652832,221.401397705078,57.7037353515625,True,0.180781126022339,0.266392558813095,True,-178.613342285156,228.909088134766,60.4362983703613,True,0.176425099372864,0.240661442279816,True,3.63970947265625,True,3.88783264160156
1305,386.178558133333,True,-51.9854774475098,-32.6309547424316,586.810668945313,True,7.45463466644287,-33.6090126037598,588.83056640625,True,-175.588027954102,219.886123657227,57.1521759033203,True,0.181905746459961,0.27158597111702,True,-178.377136230469,228.150543212891,60.1602172851563,True,0.176853030920029,0.243261188268661,True,3.65364074707031,True,3.89833068847656
1306,386.1802248,True,-51.9944381713867,-32.6304359436035,586.830078125,True,7.45300388336182,-33.605339050293,588.788330078125,True,-177.183654785156,222.315734863281,58.0365180969238,True,0.17901511490345,0.263258904218674,True,-178.968902587891,229.675109863281,60.7150802612305,True,0.175780981779099,0.238036125898361,True,3.63163757324219,True,3.88957214355469
1307,386.181891466667,True,-51.9894828796387,-32.6329231262207,586.834533691406,True,7.45125532150269,-33.6100959777832,588.792358398438,True,-178.404190063477,219.16015625,56.8879432678223,True,0.17680399119854,0.274074018001556,True,-177.274948120117,229.470031738281,60.6404495239258,True,0.178849756717682,0.238739013671875,True,3.66651916503906,True,3.89163208007813
1308,386.183558133333,True,-51.9960479736328,-32.6267967224121,586.837707519531,True,7.45012998580933,-33.6110954284668,588.794799804688,True,-177.478302001953,223.319152832031,58.4017333984375,True,0.178481325507164,0.259819805622101,True,-178.648712158203,228.86865234375,60.421558380127,True,0.17636102437973,0.240800142288208,True,3.64114379882813,True,3.89398193359375
1309,386.1852248,True,-51.9863548278809,-32.6345825195313,586.802368164063,True,7.44850635528564,-33.6094284057617,588.752319335938,True,-178.531951904297,218.446273803711,56.6281471252441,True,0.176572576165199,0.276520758867264,True,-179.104339599609,230.525100708008,61.0245018005371,True,0.175535619258881,0.235122948884964,True,3.664306640625,True,3.89039611816406
1310,386.186891466667,True,-52.012279510498,-32.6408348083496,586.919860839844,True,7.44536018371582,-33.6139602661133,588.76953125,True,-176.968978881836,222.752548217773,58.1954879760742,True,0.179404005408287,0.261761844158173,True,-179.053009033203,230.035736083984,60.8463592529297,True,0.17562860250473,0.236800104379654,True,3.65203857421875,True,3.89422607421875
1311,386.188558133333,True,-52.0076789855957,-32.6391944885254,586.8662109375,True,7.44559860229492,-33.6132202148438,588.74365234375,True,-175.383697509766,223.011642456055,58.2897682189941,True,0.182275876402855,0.260873854160309,True,-179.405151367188,229.526916503906,60.6611709594727,True,0.174990683794022,0.23854398727417,True,3.63853454589844,True,3.88796997070313
1312,386.1902248,True,-52.0157623291016,-32.64501953125,586.911926269531,True,7.44353151321411,-33.6185684204102,588.759948730469,True,-176.333129882813,222.419204711914,58.0741729736328,True,0.180555924773216,0.262904286384583,True,-178.290023803711,229.257400512695,60.563060760498,True,0.177010804414749,0.239467680454254,True,3.64710998535156,True,3.89990234375
1313,386.191891466667,True,-52.0148811340332,-32.6398773193359,586.910705566406,True,7.43858098983765,-33.614372253418,588.778869628906,True,-176.32763671875,223.614471435547,58.5092277526855,True,0.180565863847733,0.258807778358459,True,-180.504791259766,231.152770996094,61.2528839111328,True,0.172998577356339,0.232971802353859,True,3.65147399902344,True,3.88125610351563
1314,386.193558133333,True,-51.9961929321289,-32.6381340026855,586.811279296875,True,7.44119834899902,-33.6236839294434,588.760131835938,True,-179.394027709961,221.228393554688,57.640754699707,True,0.175010800361633,0.266985505819321,True,-178.561920166016,229.072723388672,60.4958572387695,True,0.176518246531487,0.240100562572479,True,3.65202331542969,True,3.90322875976563
1315,386.1952248,True,-52.0118675231934,-32.6461601257324,586.89404296875,True,7.43787384033203,-33.6203804016113,588.757080078125,True,-175.057174682617,221.05534362793,57.5777244567871,True,0.182867437601089,0.267578691244125,True,-179.735168457031,231.020782470703,61.2048835754395,True,0.17439278960228,0.233424037694931,True,3.66461181640625,True,3.89068603515625
1316,386.196891466667,True,-52.0145568847656,-32.6492767333984,586.877319335938,True,7.43389320373535,-33.6251907348633,588.732849121094,True,-175.637664794922,222.253799438477,58.0139846801758,True,0.18181586265564,0.263471245765686,True,-179.428375244141,231.114471435547,61.2389678955078,True,0.17494860291481,0.233103007078171,True,3.67140197753906,True,3.90017700195313
1317,386.198558133333,True,-52.008674621582,-32.6470832824707,586.825134277344,True,7.43594980239868,-33.6266937255859,588.735656738281,True,-176.790023803711,222.653915405273,58.1596298217773,True,0.179728209972382,0.262099862098694,True,-179.216278076172,229.991912841797,60.8304214477539,True,0.175332814455032,0.236950308084488,True,3.646484375,True,3.88836669921875
1318,386.2002248,True,-52.0139541625977,-32.6504745483398,586.889038085938,True,7.43593740463257,-33.6336135864258,588.7392578125,True,-174.18473815918,222.787078857422,58.2080535888672,True,0.184447929263115,0.261643439531326,True,-177.916809082031,228.645050048828,60.340202331543,True,0.177686959505081,0.241566494107246,True,3.66159057617188,True,3.90162658691406
1319,386.201891466667,True,-52.020751953125,-32.6452903747559,586.86328125,True,7.43641138076782,-33.634521484375,588.709838867188,True,-177.596115112305,226.561126708984,59.5816879272461,True,0.178267881274223,0.248708695173264,True,-177.565185546875,228.076217651367,60.1331405639648,True,0.178323924541473,0.24351604282856,True,3.64097595214844,True,3.89151000976563
1320,386.203558133333,True,-52.0134010314941,-32.6563529968262,586.861450195313,True,7.43307876586914,-33.635383605957,588.71875,True,-176.538986206055,220.260482788086,57.288501739502,True,0.180182993412018,0.270302832126617,True,-178.729400634766,230.939208984375,61.1752166748047,True,0.176214843988419,0.23370361328125,True,3.66110229492188,True,3.89439392089844
1321,386.2052248,True,-52.0149726867676,-32.6542625427246,586.865539550781,True,7.43131256103516,-33.6374053955078,588.722290039063,True,-176.550354003906,222.435943603516,58.080322265625,True,0.180162370204926,0.262846827507019,True,-179.607788085938,230.825714111328,61.1338882446289,True,0.174623593688011,0.234092622995377,True,3.6593017578125,True,3.88630676269531
1322,386.206891466667,True,-52.0158996582031,-32.6614570617676,586.889770507813,True,7.43179845809937,-33.6431007385254,588.717895507813,True,-176.117156982422,221.40950012207,57.7066535949707,True,0.180947154760361,0.266364812850952,True,-178.495620727539,228.447479248047,60.2682952880859,True,0.176638334989548,0.242243528366089,True,3.65911865234375,True,3.90141296386719
1323,386.208558133333,True,-52.0202026367188,-32.6530151367188,586.844970703125,True,7.43191576004028,-33.6442451477051,588.703002929688,True,-178.601226806641,225.003982543945,59.014965057373,True,0.176447078585625,0.254045486450195,True,-178.314788818359,229.617553710938,60.6941375732422,True,0.176965981721878,0.23823344707489,True,3.65473937988281,True,3.90182495117188
1324,386.2102248,True,-52.0186157226563,-32.6606788635254,586.870544433594,True,7.42835664749146,-33.6434898376465,588.735595703125,True,-177.127914428711,222.255233764648,58.0144500732422,True,0.179116100072861,0.263466328382492,True,-178.813934326172,229.530639648438,60.6625175476074,True,0.176061734557152,0.238531351089478,True,3.65139770507813,True,3.88990783691406
1325,386.211891466667,True,-52.0200653076172,-32.6610870361328,586.8828125,True,7.42835712432861,-33.6473388671875,588.711669921875,True,-174.82829284668,220.81315612793,57.4895935058594,True,0.183282092213631,0.26840877532959,True,-179.417144775391,229.980331420898,60.8262214660645,True,0.174968957901001,0.236990004777908,True,3.66104125976563,True,3.89675903320313
1326,386.213558133333,True,-52.0234832763672,-32.6558647155762,586.85791015625,True,7.42679119110107,-33.6435813903809,588.715454101563,True,-178.312057495117,225.695587158203,59.2667236328125,True,0.176970928907394,0.2516750395298,True,-179.112915039063,229.970458984375,60.8225708007813,True,0.175520092248917,0.237023904919624,True,3.63667297363281,True,3.89276123046875
1327,386.2152248,True,-52.0220794677734,-32.6657676696777,586.847106933594,True,7.42941665649414,-33.6582489013672,588.720336914063,True,-175.9140625,222.568725585938,58.1286125183105,True,0.181315124034882,0.262391805648804,True,-178.715240478516,227.586578369141,59.954948425293,True,0.176240503787994,0.245194107294083,True,3.64694213867188,True,3.91351318359375
1328,386.216891466667,True,-52.0199813842773,-32.6677665710449,586.87548828125,True,7.42452049255371,-33.6515693664551,588.6943359375,True,-176.681274414063,219.737701416016,57.0981140136719,True,0.179925233125687,0.2720947265625,True,-179.695190429688,229.450180053711,60.6332397460938,True,0.174465239048004,0.238807052373886,True,3.66624450683594,True,3.89649963378906
1329,386.218558133333,True,-52.0285682678223,-32.6609420776367,586.885131835938,True,7.42037868499756,-33.6534805297852,588.664916992188,True,-177.482879638672,226.174697875977,59.4410591125488,True,0.178473025560379,0.250033140182495,True,-180.271911621094,229.835876464844,60.7736358642578,True,0.173420429229736,0.23748505115509,True,3.64065551757813,True,3.89607238769531
1330,386.2202248,True,-52.0262832641602,-32.6704978942871,586.860656738281,True,7.42249870300293,-33.6556739807129,588.676696777344,True,-176.857437133789,222.179702758789,57.987003326416,True,0.179606080055237,0.263725101947784,True,-180.047058105469,229.740905761719,60.7390518188477,True,0.173827856779099,0.237810596823692,True,3.65298461914063,True,3.89573669433594
1331,386.221891466667,True,-52.0249328613281,-32.6712913513184,586.826904296875,True,7.41848182678223,-33.6577072143555,588.647705078125,True,-177.934783935547,221.869033813477,57.8738861083984,True,0.17765437066555,0.264789938926697,True,-178.592575073242,229.509185791016,60.6546783447266,True,0.176462724804878,0.238604843616486,True,3.65682983398438,True,3.89984130859375
1332,386.223558133333,True,-52.0214614868164,-32.6734275817871,586.848449707031,True,7.41770458221436,-33.6591758728027,588.667236328125,True,-177.428115844727,221.567794799805,57.7642936706543,True,0.178572237491608,0.265822261571884,True,-179.678436279297,229.161987304688,60.5283508300781,True,0.174495607614517,0.239794746041298,True,3.65760803222656,True,3.88816833496094
1333,386.2252248,True,-52.0311393737793,-32.6718215942383,586.859802246094,True,7.41527652740479,-33.6627464294434,588.639526367188,True,-176.437454223633,225.045318603516,59.0300254821777,True,0.180366948246956,0.253903746604919,True,-179.202331542969,230.219360351563,60.913215637207,True,0.175358146429062,0.236170768737793,True,3.645263671875,True,3.89187622070313
1334,386.226891466667,True,-52.0220069885254,-32.681568145752,586.777893066406,True,7.41567325592041,-33.6680068969727,588.650512695313,True,-177.949722290039,221.197906494141,57.6296806335449,True,0.177627339959145,0.26708996295929,True,-179.441619873047,228.633148193359,60.3359069824219,True,0.174924582242966,0.241607129573822,True,3.66590881347656,True,3.89900207519531
1335,386.228558133333,True,-52.0335426330566,-32.6786308288574,586.819396972656,True,7.41716432571411,-33.6685981750488,588.609619140625,True,-176.377365112305,223.687088012695,58.5356330871582,True,0.180475786328316,0.258558839559555,True,-178.987335205078,228.623886108398,60.3325042724609,True,0.175747573375702,0.241638958454132,True,3.64852905273438,True,3.9049072265625
1336,386.2302248,True,-52.0358276367188,-32.6795310974121,586.829956054688,True,7.41498947143555,-33.6699714660645,588.625854492188,True,-178.529876708984,225.405807495117,59.1611862182617,True,0.17657633125782,0.252668350934982,True,-179.853424072266,229.719787597656,60.7313690185547,True,0.174178570508957,0.237883001565933,True,3.64736938476563,True,3.89901733398438
1337,386.231891466667,True,-52.0410461425781,-32.6837348937988,586.844055175781,True,7.41540145874023,-33.6716003417969,588.624633789063,True,-177.002532958984,224.62580871582,58.8773422241211,True,0.179343208670616,0.255341589450836,True,-179.742095947266,228.695159912109,60.3584403991699,True,0.174380242824554,0.241394549608231,True,3.64524841308594,True,3.88958740234375
1338,386.233558133333,True,-52.0412979125977,-32.6822700500488,586.842712402344,True,7.4125599861145,-33.6702995300293,588.620910644531,True,-178.484298706055,225.654098510742,59.2515907287598,True,0.176658868789673,0.251817286014557,True,-179.854064941406,230.494766235352,61.0134048461914,True,0.174177408218384,0.235226929187775,True,3.65692138671875,True,3.89244079589844
1339,386.2352248,True,-52.0369567871094,-32.688045501709,586.818298339844,True,7.41372966766357,-33.6756973266602,588.60595703125,True,-178.494262695313,223.930206298828,58.6241073608398,True,0.176640793681145,0.257725685834885,True,-179.744888305664,229.036880493164,60.4828109741211,True,0.174375206232071,0.240223437547684,True,3.64671325683594,True,3.89668273925781
1340,386.236891466667,True,-52.0381736755371,-32.6905517578125,586.815979003906,True,7.41037273406982,-33.6751937866211,588.64599609375,True,-179.389053344727,222.340423583984,58.0455551147461,True,0.175019860267639,0.263174295425415,True,-180.294830322266,230.381225585938,60.9721031188965,True,0.173378959298134,0.235616058111191,True,3.66560363769531,True,3.89425659179688
1341,386.238558133333,True,-52.0419807434082,-32.6902084350586,586.820983886719,True,7.40966892242432,-33.6751365661621,588.633178710938,True,-178.310577392578,224.264389038086,58.745777130127,True,0.176973596215248,0.256580263376236,True,-179.288635253906,230.931854248047,61.1725311279297,True,0.175201714038849,0.233728796243668,True,3.6514892578125,True,3.88972473144531
1342,386.2402248,True,-52.0456466674805,-32.6898384094238,586.821166992188,True,7.41305541992188,-33.6805610656738,588.661987304688,True,-178.645797729492,226.210098266602,59.4539260864258,True,0.176366299390793,0.24991175532341,True,-179.171447753906,228.388305664063,60.2467384338379,True,0.175414025783539,0.24244636297226,True,3.64508056640625,True,3.89247131347656
1343,386.241891466667,True,-52.0432090759277,-32.694709777832,586.759887695313,True,7.40977191925049,-33.6855201721191,588.692565917969,True,-178.536743164063,224.606063842773,58.8701171875,True,0.176563888788223,0.255409300327301,True,-179.759216308594,230.393493652344,60.9766006469727,True,0.174349248409271,0.235573917627335,True,3.65034484863281,True,3.89735412597656
1344,386.243558133333,True,-52.0429267883301,-32.6982307434082,586.772338867188,True,7.41243600845337,-33.6845970153809,588.673645019531,True,-177.790390014648,223.173156738281,58.3485946655273,True,0.177915930747986,0.260320246219635,True,-179.655792236328,228.707641601563,60.3629913330078,True,0.174536645412445,0.241351932287216,True,3.64785766601563,True,3.90328979492188
1345,386.2452248,True,-52.0497550964355,-32.7004547119141,586.790344238281,True,7.40832996368408,-33.6820068359375,588.715454101563,True,-177.330780029297,224.147720336914,58.7033042907715,True,0.17874863743782,0.256980180740356,True,-179.872283935547,229.688110351563,60.719841003418,True,0.174144417047501,0.237991541624069,True,3.65138244628906,True,3.89498901367188
1346,386.246891466667,True,-52.0506286621094,-32.7016983032227,586.776184082031,True,7.40983963012695,-33.6900253295898,588.719299316406,True,-178.434585571289,224.729934692383,58.915210723877,True,0.176748931407928,0.254984736442566,True,-177.946075439453,227.316619873047,59.8566741943359,True,0.177633911371231,0.246119305491447,True,3.644287109375,True,3.89688110351563
1347,386.248558133333,True,-52.0504531860352,-32.7036743164063,586.774658203125,True,7.40961694717407,-33.6880569458008,588.706481933594,True,-179.277313232422,224.385848999023,58.7899856567383,True,0.175222277641296,0.256163954734802,True,-180.504211425781,228.075927734375,60.1330375671387,True,0.1729995906353,0.243517026305199,True,3.65513610839844,True,3.89591979980469
1348,386.2502248,True,-52.0354232788086,-32.7153053283691,586.742797851563,True,7.41132164001465,-33.6931915283203,588.643798828125,True,-175.680816650391,220.052658081055,57.2128295898438,True,0.181737661361694,0.271015167236328,True,-180.437072753906,229.197265625,60.5411834716797,True,0.173121213912964,0.239673808217049,True,3.64970397949219,True,3.89585876464844
1349,386.251891466667,True,-52.0333251953125,-32.7160186767578,586.76806640625,True,7.42357730865479,-33.7023086547852,588.50048828125,True,-175.539245605469,220.649917602539,57.4301872253418,True,0.181994095444679,0.268968224525452,True,-179.304092407227,225.387344360352,59.1544914245605,True,0.175173744559288,0.252731561660767,True,3.64247131347656,True,3.89468383789063
1350,386.253558133333,True,-52.0192909240723,-32.7201156616211,586.778076171875,True,7.44216728210449,-33.7044906616211,588.499206542969,True,-175.779983520508,221.192810058594,57.6278038024902,True,0.181558012962341,0.267107427120209,True,-180.364044189453,227.93244934082,60.0808296203613,True,0.173253551125526,0.244008719921112,True,3.65859985351563,True,3.89456176757813
1351,386.2552248,True,-51.9945487976074,-32.7322006225586,586.726928710938,True,7.45708751678467,-33.7224655151367,588.676818847656,True,-174.018600463867,217.243438720703,56.1903991699219,True,0.184748947620392,0.280643165111542,True,-178.517272949219,228.492218017578,60.2846069335938,True,0.176599144935608,0.242090135812759,True,3.65446472167969,True,3.90594482421875
1352,386.256891466667,True,-51.9879837036133,-32.7417793273926,586.788024902344,True,7.4800238609314,-33.7416000366211,588.671508789063,True,-169.543334960938,217.385864257813,56.2421989440918,True,0.192856267094612,0.280155003070831,True,-173.471862792969,227.413421630859,59.8918762207031,True,0.185739398002625,0.245787620544434,True,3.6456298828125,True,3.90374755859375
1353,386.258558133333,True,-51.9476585388184,-32.7551612854004,586.666076660156,True,7.51649713516235,-33.7524871826172,588.668151855469,True,-167.867141723633,216.299728393555,55.8468704223633,True,0.195892885327339,0.283877640962601,True,-171.592010498047,225.981475830078,59.3707275390625,True,0.18914495408535,0.25069534778595,True,3.66357421875,True,3.89811706542969
1354,386.2602248,True,-51.8800239562988,-32.7737197875977,586.56396484375,True,7.56001234054565,-33.7700386047363,588.59033203125,True,-162.324310302734,209.753387451172,53.4641532897949,True,0.20593424141407,0.306313872337341,True,-166.167602539063,219.028060913086,56.8399238586426,True,0.198971718549728,0.274526715278625,True,3.66998291015625,True,3.91738891601563
1355,386.261891466667,True,-51.8395729064941,-32.7801322937012,586.608459472656,True,7.61308002471924,-33.7892456054688,588.641540527344,True,-162.021926879883,207.913787841797,52.7946357727051,True,0.206482037901878,0.31261870265007,True,-164.801986694336,218.354949951172,56.5948753356934,True,0.201445668935776,0.276833713054657,True,3.68280029296875,True,3.92176818847656
1356,386.263558133333,True,-51.7778739929199,-32.7947578430176,586.5517578125,True,7.68415069580078,-33.8075637817383,588.553771972656,True,-156.905090332031,204.151351928711,51.4251976013184,True,0.215751647949219,0.325513809919357,True,-161.81184387207,212.343109130859,54.4067535400391,True,0.206862568855286,0.297438144683838,True,3.69793701171875,True,3.9390869140625
1357,386.2652248,True,-51.7290153503418,-32.824104309082,586.588745117188,True,7.74045658111572,-33.8296318054199,588.394958496094,True,-157.034545898438,208.210998535156,52.9028205871582,True,0.215517148375511,0.311600148677826,True,-156.506896972656,210.463989257813,53.7228584289551,True,0.216472983360291,0.303878366947174,True,3.69841003417969,True,3.93742370605469
1358,386.266891466667,True,-51.6778297424316,-32.8520431518555,586.344360351563,True,7.79604053497314,-33.850471496582,588.458618164063,True,-150.093872070313,204.94075012207,51.7125015258789,True,0.228090792894363,0.32280820608139,True,-148.331878662109,204.835052490234,51.6740875244141,True,0.231282830238342,0.323170512914658,True,3.72280883789063,True,3.93904113769531
1359,386.268558133333,True,-51.6051788330078,-32.8721923828125,586.283508300781,True,7.8772497177124,-33.8735275268555,588.410400390625,True,-148.055221557617,204.662704467773,51.6113090515137,True,0.231784015893936,0.323761254549026,True,-142.274261474609,199.391418457031,49.6927299499512,True,0.24225677549839,0.341827541589737,True,3.71231079101563,True,3.93888854980469
1360,386.2702248,True,-51.5098342895508,-32.896484375,586.168029785156,True,7.94328737258911,-33.9077835083008,588.324890136719,True,-140.196685791016,196.043502807617,48.4741668701172,True,0.246020540595055,0.353301912546158,True,-132.818298339844,199.54670715332,49.749267578125,True,0.259387135505676,0.341295272111893,True,3.74899291992188,True,3.92658996582031
1361,386.271891466667,True,-51.4295310974121,-32.9266548156738,586.206298828125,True,8.03984260559082,-33.9626693725586,588.451110839844,True,-132.329620361328,187.880294799805,45.5030212402344,True,0.260272413492203,0.381279647350311,True,-131.698593139648,197.48828125,49.0000343322754,True,0.261415600776672,0.34835010766983,True,3.77659606933594,True,3.96343994140625
1362,386.273558133333,True,-51.3838882446289,-32.951488494873,586.226440429688,True,8.12461090087891,-33.9956893920898,588.485229492188,True,-121.482086181641,190.589126586914,46.4889450073242,True,0.279923796653748,0.371995657682419,True,-121.739921569824,193.738510131836,47.6352462768555,True,0.27945664525032,0.361201673746109,True,3.75276184082031,True,3.96357727050781
1363,386.2752248,True,-51.2869262695313,-32.970775604248,586.231628417969,True,8.20230770111084,-34.0079154968262,588.701965332031,True,-114.586380004883,179.431625366211,42.4279403686523,True,0.292415976524353,0.410235792398453,True,-114.94709777832,190.246154785156,46.3641319274902,True,0.29176253080368,0.373171091079712,True,3.77447509765625,True,3.94403076171875
1364,386.276891466667,True,-51.2025566101074,-32.9955215454102,586.096618652344,True,8.25553417205811,-34.0516586303711,588.600463867188,True,-110.508033752441,186.060958862305,44.8408241271973,True,0.299804300069809,0.387515068054199,True,-103.266609191895,188.574096679688,45.7555465698242,True,0.312922835350037,0.378901779651642,True,3.73709106445313,True,3.92514038085938
1365,386.278558133333,True,-51.1343650817871,-33.0201988220215,586.208618164063,True,8.32476234436035,-34.0905799865723,588.629821777344,True,-98.3734359741211,179.257400512695,42.3645668029785,True,0.321787297725677,0.41083288192749,True,-96.0287475585938,185.488311767578,44.6324234008789,True,0.326034873723984,0.389477610588074,True,3.74128723144531,True,3.92832946777344
1366,386.2802248,True,-51.0799026489258,-33.0495719909668,586.299438476563,True,8.36760139465332,-34.1287956237793,588.529235839844,True,-94.6178970336914,180.033645629883,42.6471176147461,True,0.328590780496597,0.408172398805618,True,-83.6627578735352,176.734466552734,41.4462814331055,True,0.348437011241913,0.419479787349701,True,3.72845458984375,True,3.92730712890625
1367,386.281891466667,True,-51.0006561279297,-33.0836029052734,586.293212890625,True,8.41822814941406,-34.1439323425293,588.588989257813,True,-83.8337097167969,175.926162719727,41.1520957946777,True,0.34812730550766,0.422250062227249,True,-73.2822570800781,177.190475463867,41.6122512817383,True,0.367242306470871,0.417916893959045,True,3.74192810058594,True,3.90113830566406
1368,386.283558133333,True,-50.902702331543,-33.1064109802246,586.156799316406,True,8.4680290222168,-34.1730575561523,588.708251953125,True,-73.2488098144531,159.419464111328,35.1441268920898,True,0.367302894592285,0.478823512792587,True,-63.6422233581543,173.708557128906,40.3449325561523,True,0.384706109762192,0.429850459098816,True,3.78858947753906,True,3.90626525878906
1369,386.2852248,True,-50.8474502563477,-33.1312141418457,586.068481445313,True,8.52004909515381,-34.1994476318359,588.704345703125,True,-63.2446441650391,168.356033325195,38.3968086242676,True,0.385426342487335,0.448195099830627,True,-51.997745513916,166.692993164063,37.79150390625,True,0.405801177024841,0.453894913196564,True,3.72976684570313,True,3.90498352050781
1370,386.286891466667,True,-50.7568473815918,-33.1548843383789,586.012512207031,True,8.58009338378906,-34.2362670898438,588.719543457031,True,-55.1466445922852,167.474746704102,38.0760154724121,True,0.400096654891968,0.451215595006943,True,-43.734016418457,167.597961425781,38.1208686828613,True,0.420771718025208,0.450793325901031,True,3.7138671875,True,3.87904357910156
1371,386.288558133333,True,-50.6792526245117,-33.1885070800781,586.117309570313,True,8.62705230712891,-34.253002166748,588.632263183594,True,-49.884162902832,166.291290283203,37.6452941894531,True,0.40963014960289,0.455271661281586,True,-32.6878433227539,160.462860107422,35.5239067077637,True,0.440782904624939,0.475247472524643,True,3.70231628417969,True,3.86357116699219
1372,386.2902248,True,-50.598503112793,-33.2109184265137,585.968872070313,True,8.72930431365967,-34.2945709228516,588.691162109375,True,-39.8872756958008,159.774841308594,35.2734451293945,True,0.427740484476089,0.477605581283569,True,-28.0750503540039,158.918487548828,34.9617919921875,True,0.449139416217804,0.480540484189987,True,3.71180725097656,True,3.85914611816406
1373,386.291891466667,True,-50.5150184631348,-33.2467041015625,586.125122070313,True,8.79066753387451,-34.3324661254883,588.531188964844,True,-33.9528694152832,156.55339050293,34.100959777832,True,0.438491195440292,0.488646477460861,True,-20.4590721130371,157.121551513672,34.307746887207,True,0.462936460971832,0.486699163913727,True,3.71197509765625,True,3.84422302246094
1374,386.293558133333,True,-50.472282409668,-33.2677001953125,586.21826171875,True,8.85027980804443,-34.3693161010742,588.611999511719,True,-24.6312599182129,155.257843017578,33.6294441223145,True,0.455378144979477,0.493086636066437,True,-13.0461759567261,155.363464355469,33.6678771972656,True,0.476365625858307,0.492724657058716,True,3.68655395507813,True,3.8409423828125
1375,386.2952248,True,-50.4163780212402,-33.2941436767578,586.172973632813,True,8.92826747894287,-34.4056549072266,588.720458984375,True,-15.6365795135498,154.947067260742,33.5163192749023,True,0.471672862768173,0.494151771068573,True,-5.55570697784424,152.4912109375,32.622428894043,True,0.489935338497162,0.502568781375885,True,3.67997741699219,True,3.82046508789063
1376,386.296891466667,True,-50.358211517334,-33.3309783935547,586.210998535156,True,8.99367904663086,-34.426887512207,588.67333984375,True,-5.77593088150024,152.397109985352,32.5882110595703,True,0.489536345005035,0.50289124250412,True,1.85628187656403,146.364852905273,30.3926525115967,True,0.503362834453583,0.523565649986267,True,3.67913818359375,True,3.81575012207031
1377,386.298558133333,True,-50.2940330505371,-33.3622512817383,586.237182617188,True,9.04725646972656,-34.4589309692383,588.781188964844,True,5.49696159362793,150.765045166016,31.9941444396973,True,0.509958326816559,0.508484899997711,True,9.37862777709961,144.395538330078,29.6758766174316,True,0.516990303993225,0.530315041542053,True,3.66716003417969,True,3.8043212890625
1378,386.3002248,True,-50.2337951660156,-33.3941192626953,586.105224609375,True,9.10454559326172,-34.4982948303223,588.781982421875,True,14.6607704162598,149.209381103516,31.4279918670654,True,0.526559352874756,0.513816475868225,True,15.7855834960938,143.802276611328,29.4599266052246,True,0.528597116470337,0.532348394393921,True,3.64598083496094,True,3.7967529296875
1379,386.301891466667,True,-50.175708770752,-33.427734375,586.213012695313,True,9.16005897521973,-34.5161743164063,588.7763671875,True,18.8439826965332,147.85383605957,30.9345836639404,True,0.534137606620789,0.518462419509888,True,23.9097099304199,139.888580322266,28.0354537963867,True,0.543314695358276,0.545761823654175,True,3.64035034179688,True,3.80079650878906
1380,386.303558133333,True,-50.1124496459961,-33.4624710083008,586.186096191406,True,9.21172428131104,-34.5333023071289,588.885009765625,True,26.6679096221924,148.346313476563,31.1138324737549,True,0.548311412334442,0.516774535179138,True,30.9286041259766,134.9736328125,26.24658203125,True,0.556030094623566,0.562606811523438,True,3.63064575195313,True,3.79450988769531
1381,386.3052248,True,-50.0766220092773,-33.4899826049805,586.537353515625,True,9.24680137634277,-34.5386352539063,588.941528320313,True,34.7676277160645,146.970458984375,30.61305809021,True,0.562984824180603,0.521489977836609,True,41.06884765625,128.748092651367,23.9807167053223,True,0.574400067329407,0.583943605422974,True,3.62721252441406,True,3.78416442871094
1382,386.306891466667,True,-50.0257339477539,-33.5217895507813,586.58056640625,True,9.32254886627197,-34.5753021240234,588.988342285156,True,40.4147338867188,143.146240234375,29.2211532592773,True,0.573215067386627,0.534596800804138,True,44.5719604492188,129.280899047852,24.1745986938477,True,0.580746352672577,0.582117438316345,True,3.6240234375,True,3.80206298828125
1383,386.308558133333,True,-49.9515914916992,-33.542293548584,586.27001953125,True,9.36979389190674,-34.6188430786133,588.76220703125,True,51.2510604858398,141.335708618164,28.5622062683105,True,0.592846155166626,0.540802001953125,True,53.1099090576172,131.471313476563,24.9718132019043,True,0.596213638782501,0.574610352516174,True,3.627685546875,True,3.80609130859375
1384,386.3102248,True,-49.9201889038086,-33.5789031982422,586.159240722656,True,9.42832565307617,-34.6464385986328,588.924560546875,True,65.9836349487305,144.399932861328,29.6774673461914,True,0.619535565376282,0.53030002117157,True,57.427116394043,125.324737548828,22.7346725463867,True,0.604034662246704,0.595676481723785,True,3.61970520019531,True,3.78471374511719
1385,386.311891466667,True,-49.8679428100586,-33.5906181335449,586.204467773438,True,9.46418952941895,-34.6796913146973,588.895141601563,True,71.8578186035156,141.619689941406,28.6655597686768,True,0.630177199840546,0.539828777313232,True,68.9043655395508,126.37272644043,23.116096496582,True,0.624826788902283,0.592084765434265,True,3.61363220214844,True,3.78704833984375
1386,386.313558133333,True,-50.1080474853516,-33.6310348510742,585.555847167969,True,9.25524711608887,-34.727165222168,588.737976074219,True,78.75341796875,135.472351074219,26.4281005859375,True,0.642669260501862,0.560897469520569,True,78.8880462646484,121.88151550293,21.4814472198486,True,0.642913103103638,0.607477426528931,True,3.66754150390625,True,3.8118896484375
1387,386.3152248,True,-50.0579147338867,-33.6724967956543,585.612426757813,True,9.28886413574219,-34.7516937255859,588.638549804688,True,84.7392425537109,136.514572143555,26.8074588775635,True,0.653513133525848,0.557325482368469,True,85.7407531738281,119.858505249023,20.7451095581055,True,0.655327498912811,0.614410877227783,True,3.662841796875,True,3.8226318359375
1388,386.316891466667,True,-50.0398712158203,-33.7056121826172,585.822570800781,True,9.32021522521973,-34.7792892456055,588.721618652344,True,87.2383422851563,132.8388671875,25.469596862793,True,0.658040463924408,0.569923281669617,True,91.4173583984375,115.410064697266,19.1260375976563,True,0.665611147880554,0.629657030105591,True,3.67597961425781,True,3.83535766601563
1389,386.318558133333,True,-50.0057220458984,-33.7231025695801,585.916809082031,True,9.33989715576172,-34.797550201416,588.534423828125,True,89.9858322143555,125.852935791016,22.926929473877,True,0.663017809391022,0.593866169452667,True,96.2665405273438,115.309547424316,19.0894451141357,True,0.67439591884613,0.630001544952393,True,3.6956787109375,True,3.82025146484375
1390,386.3202248,True,-49.9785079956055,-33.7400398254395,585.893798828125,True,9.37290382385254,-34.8102149963379,588.616088867188,True,95.3436508178711,121.643493652344,21.3947563171387,True,0.672724008560181,0.608293294906616,True,100.111083984375,111.233879089355,17.6059856414795,True,0.681360602378845,0.643970131874084,True,3.70805358886719,True,3.82925415039063
1391,386.321891466667,True,-49.972957611084,-33.7575149536133,585.987121582031,True,9.40454387664795,-34.8375625610352,588.711059570313,True,99.7565460205078,121.040733337402,21.1753711700439,True,0.68071836233139,0.610359072685242,True,103.11156463623,108.045166015625,16.4453983306885,True,0.686796307563782,0.654898881912231,True,3.70207214355469,True,3.83248901367188
1392,386.323558133333,True,-49.9593811035156,-33.7611045837402,585.944091796875,True,9.41050434112549,-34.8563537597656,588.659606933594,True,104.018173217773,119.348030090332,20.5593223571777,True,0.688438713550568,0.61616051197052,True,109.217681884766,106.633666992188,15.9316339492798,True,0.697858095169067,0.659736514091492,True,3.71334838867188,True,3.8341064453125
1393,386.3252248,True,-49.9570159912109,-33.7694358825684,585.951538085938,True,9.41672611236572,-34.8700714111328,588.603454589844,True,107.69841003418,117.272689819336,19.8039512634277,True,0.695105850696564,0.623273313045502,True,112.14778137207,99.0496139526367,13.1712827682495,True,0.703166246414185,0.685729324817657,True,3.71847534179688,True,3.85052490234375
1394,386.326891466667,True,-49.9540405273438,-33.781608581543,585.941772460938,True,9.42385959625244,-34.8815803527832,588.606201171875,True,108.251457214355,115.325622558594,19.0952987670898,True,0.696107745170593,0.62994647026062,True,113.512603759766,95.4771118164063,11.8710098266602,True,0.705638825893402,0.697973370552063,True,3.71958923339844,True,3.85874938964844
1395,386.328558133333,True,-49.9541931152344,-33.7856369018555,585.884094238281,True,9.429856300354,-34.8824043273926,588.59228515625,True,110.857116699219,113.089782714844,18.2815093994141,True,0.700828075408936,0.637609362602234,True,115.409362792969,96.0415573120117,12.0764751434326,True,0.709074974060059,0.696038842201233,True,3.73338317871094,True,3.87422180175781
1396,386.3302248,True,-49.9575347900391,-33.7865791320801,585.880432128906,True,9.43267822265625,-34.8771057128906,588.568115234375,True,111.905158996582,112.887023925781,18.2076854705811,True,0.702726721763611,0.63830429315567,True,116.431274414063,94.9589004516602,11.6824131011963,True,0.710926294326782,0.699749410152435,True,3.73445129394531,True,3.86567687988281
1397,386.331891466667,True,-49.9647827148438,-33.7888259887695,585.906616210938,True,9.44114398956299,-34.8851089477539,588.585144042969,True,111.424743652344,111.243598937988,17.609525680542,True,0.701856374740601,0.6439368724823,True,114.600555419922,91.8399658203125,10.5471992492676,True,0.7076096534729,0.710438966751099,True,3.75117492675781,True,3.8702392578125
1398,386.333558133333,True,-49.9706497192383,-33.7924041748047,585.9052734375,True,9.44506645202637,-34.8871688842773,588.56884765625,True,111.310874938965,110.598419189453,17.374719619751,True,0.701650142669678,0.646148085594177,True,114.195037841797,94.7415008544922,11.6032905578613,True,0.706875085830688,0.700494468212128,True,3.7449951171875,True,3.87472534179688
1399,386.3352248,True,-49.9790000915527,-33.7978553771973,585.922973632813,True,9.44620513916016,-34.8873100280762,588.585266113281,True,107.845550537109,109.300712585449,16.9024066925049,True,0.695372402667999,0.650595664978027,True,113.678649902344,94.1430130004883,11.3854503631592,True,0.705939590930939,0.702545702457428,True,3.73356628417969,True,3.87034606933594
1400,386.336891466667,True,-49.9869613647461,-33.8025436401367,585.959045410156,True,9.44897270202637,-34.8824882507324,588.569885253906,True,106.094627380371,112.33260345459,18.0058784484863,True,0.692200422286987,0.64020448923111,True,112.232391357422,97.5484619140625,12.624924659729,True,0.703319549560547,0.690874218940735,True,3.736083984375,True,3.87384033203125
1401,386.338558133333,True,-49.9898223876953,-33.8064613342285,585.94091796875,True,9.45320892333984,-34.8863182067871,588.570129394531,True,107.211364746094,110.602691650391,17.3762588500977,True,0.694223523139954,0.646133422851563,True,109.647804260254,97.1578063964844,12.4827241897583,True,0.698637306690216,0.692213177680969,True,3.75363159179688,True,3.85987854003906
1402,386.3402248,True,-49.9942283630371,-33.806453704834,585.944152832031,True,9.45279026031494,-34.8847045898438,588.540100097656,True,104.52685546875,111.615417480469,17.7448692321777,True,0.689360320568085,0.642662525177002,True,110.487022399902,96.8070983886719,12.3550605773926,True,0.700157701969147,0.69341516494751,True,3.7490234375,True,3.86259460449219
1403,386.341891466667,True,-49.9966049194336,-33.8102989196777,585.930053710938,True,9.45720195770264,-34.8851776123047,588.565795898438,True,103.620094299316,112.329116821289,18.004638671875,True,0.68771755695343,0.640216469764709,True,108.000640869141,97.4713134765625,12.5968332290649,True,0.695653319358826,0.691138625144958,True,3.73359680175781,True,3.85183715820313
1404,386.343558133333,True,-50.0014801025391,-33.8084297180176,585.925170898438,True,9.45697593688965,-34.8856201171875,588.531677246094,True,102.810913085938,111.951934814453,17.8673610687256,True,0.686251640319824,0.641509175300598,True,108.188278198242,96.4853439331055,12.2379455566406,True,0.695993304252625,0.694517850875854,True,3.7266845703125,True,3.84492492675781
1405,386.3452248,True,-50.0032348632813,-33.8106994628906,585.935485839844,True,9.45957183837891,-34.8839263916016,588.560791015625,True,102.21662902832,112.424713134766,18.0394821166992,True,0.685175061225891,0.63988870382309,True,108.029876708984,97.1091918945313,12.4650821685791,True,0.695706248283386,0.692379653453827,True,3.72404479980469,True,3.84269714355469
1406,386.346891466667,True,-50.0049743652344,-33.8110885620117,585.952880859375,True,9.46329498291016,-34.8844184875488,588.553955078125,True,101.202186584473,111.550659179688,17.7213249206543,True,0.683337330818176,0.642884373664856,True,108.738174438477,100.493118286133,13.6966667175293,True,0.696989476680756,0.680781960487366,True,3.72413635253906,True,3.86174011230469
1407,386.348558133333,True,-50.0067672729492,-33.8097610473633,585.935852050781,True,9.46692276000977,-34.8810272216797,588.571105957031,True,100.377128601074,113.884872436523,18.5709285736084,True,0.681842625141144,0.634884357452393,True,106.173469543457,97.3015899658203,12.5350313186646,True,0.692343235015869,0.691720366477966,True,3.71321105957031,True,3.84390258789063
1408,386.3502248,True,-50.0066184997559,-33.8105506896973,585.939208984375,True,9.46917819976807,-34.8809127807617,588.531127929688,True,100.489669799805,112.484619140625,18.0612411499023,True,0.682046592235565,0.639683485031128,True,105.484191894531,99.4093322753906,13.3022308349609,True,0.691094577312469,0.684496402740479,True,3.71086120605469,True,3.84278869628906
1409,386.351891466667,True,-50.0044059753418,-33.8067665100098,585.882934570313,True,9.4721794128418,-34.8810882568359,588.535034179688,True,100.153625488281,113.834022521973,18.5524139404297,True,0.681437790393829,0.635058641433716,True,104.715507507324,97.4059600830078,12.5730381011963,True,0.689702033996582,0.691362619400024,True,3.71858215332031,True,3.83529663085938
1410,386.353558133333,True,-50.0030517578125,-33.8073272705078,585.904541015625,True,9.47528553009033,-34.8759613037109,588.536743164063,True,97.8514175415039,115.423095703125,19.1307830810547,True,0.677267074584961,0.629612326622009,True,104.408218383789,100.887130737305,13.8400936126709,True,0.68914532661438,0.679431617259979,True,3.70237731933594,True,3.83174133300781
1411,386.3552248,True,-50.0071411132813,-33.8038520812988,585.888671875,True,9.47510147094727,-34.8756866455078,588.536376953125,True,99.1188049316406,113.12809753418,18.2954597473145,True,0.679563045501709,0.637478053569794,True,105.151672363281,99.3951416015625,13.2970447540283,True,0.690492153167725,0.68454509973526,True,3.70584106445313,True,3.82746887207031
1412,386.356891466667,True,-50.0090484619141,-33.8031349182129,585.892333984375,True,9.47815895080566,-34.8727951049805,588.543273925781,True,99.7158203125,115.044815063477,18.9930686950684,True,0.680644631385803,0.630908906459808,True,104.685577392578,100.684341430664,13.766261100769,True,0.689647793769836,0.680126667022705,True,3.69557189941406,True,3.82881164550781
1413,386.358558133333,True,-50.0047760009766,-33.8034553527832,585.878479003906,True,9.47873306274414,-34.8737602233887,588.549926757813,True,97.310173034668,115.411148071289,19.1263999938965,True,0.676286578178406,0.629653334617615,True,104.266662597656,99.3757781982422,13.2899951934814,True,0.688888907432556,0.684611439704895,True,3.69320678710938,True,3.82846069335938
1414,386.3602248,True,-50.0033950805664,-33.8034439086914,585.879028320313,True,9.48021793365479,-34.8774108886719,588.52685546875,True,96.9339141845703,114.379959106445,18.7510833740234,True,0.675604939460754,0.633187532424927,True,105.070449829102,98.8990783691406,13.1165075302124,True,0.690345048904419,0.686245203018188,True,3.69248962402344,True,3.82975769042969
1415,386.361891466667,True,-50.0029258728027,-33.7983818054199,585.862670898438,True,9.48517513275146,-34.8741035461426,588.503356933594,True,97.3335647583008,116.445602416992,19.5029697418213,True,0.676328897476196,0.626107931137085,True,102.083206176758,100.044242858887,13.5332746505737,True,0.684933364391327,0.682320475578308,True,3.69181823730469,True,3.8046875
1416,386.363558133333,True,-50.006217956543,-33.797176361084,585.883422851563,True,9.48734188079834,-34.8775596618652,588.527587890625,True,96.4864349365234,117.013763427734,19.7097129821777,True,0.674794316291809,0.624160766601563,True,104.532470703125,101.865280151367,14.1961297988892,True,0.689370453357697,0.676079094409943,True,3.70463562011719,True,3.83189392089844
1417,386.3652248,True,-50.0048637390137,-33.7970123291016,585.862426757813,True,9.48916435241699,-34.867561340332,588.494384765625,True,97.2617340087891,116.644538879395,19.5753326416016,True,0.676198780536652,0.625426173210144,True,102.728149414063,100.25611114502,13.6104516983032,True,0.686101794242859,0.681594252586365,True,3.685302734375,True,3.81326293945313
1418,386.366891466667,True,-50.0039672851563,-33.7951622009277,585.857299804688,True,9.49447917938232,-34.8690338134766,588.462524414063,True,97.5532302856445,118.908958435059,20.3995018005371,True,0.676726937294006,0.617665350437164,True,101.545867919922,100.193244934082,13.5875205993652,True,0.683959901332855,0.681809782981873,True,3.67929077148438,True,3.80230712890625
1419,386.368558133333,True,-50.0010108947754,-33.7934036254883,585.846984863281,True,9.49810218811035,-34.8673934936523,588.49462890625,True,96.6167144775391,117.923080444336,20.040678024292,True,0.67503023147583,0.621044218540192,True,100.688377380371,100.943328857422,13.8605575561523,True,0.682406485080719,0.67923891544342,True,3.68545532226563,True,3.80978393554688
1420,386.3702248,True,-50.0009078979492,-33.790885925293,585.847778320313,True,9.50446510314941,-34.866943359375,588.469116210938,True,95.3137588500977,118.565254211426,20.2743721008301,True,0.672669887542725,0.61884331703186,True,98.933837890625,103.502593994141,14.7920417785645,True,0.679227948188782,0.670467674732208,True,3.67414855957031,True,3.81024169921875
1421,386.371891466667,True,-50.0023498535156,-33.7907409667969,585.868103027344,True,9.50556755065918,-34.8664512634277,588.481323242188,True,95.743293762207,115.885116577148,19.2989101409912,True,0.673448085784912,0.628028988838196,True,100.693496704102,102.032341003418,14.2568969726563,True,0.682415723800659,0.67550665140152,True,3.67903137207031,True,3.80912780761719
1422,386.373558133333,True,-49.9981575012207,-33.7870254516602,585.85546875,True,9.50910186767578,-34.8608703613281,588.439880371094,True,95.3266906738281,117.747550964355,19.9767971038818,True,0.672693371772766,0.621645748615265,True,98.53759765625,99.1910095214844,13.2227478027344,True,0.678510189056396,0.685244679450989,True,3.68354797363281,True,3.81477355957031
1423,386.3752248,True,-50.002799987793,-33.7843017578125,585.887329101563,True,9.51377868652344,-34.8636741638184,588.447082519531,True,95.8451690673828,118.32836151123,20.1881771087646,True,0.673632562160492,0.619655191898346,True,98.8994140625,102.078300476074,14.2736682891846,True,0.679165601730347,0.675349116325378,True,3.68653869628906,True,3.79946899414063
1424,386.376891466667,True,-50.0017395019531,-33.7807235717773,585.876220703125,True,9.51644134521484,-34.8579978942871,588.4560546875,True,95.2772674560547,117.972282409668,20.0585861206055,True,0.672603726387024,0.620875597000122,True,99.6947784423828,104.131629943848,15.0210199356079,True,0.680606484413147,0.668311655521393,True,3.67236328125,True,3.8072509765625
1425,386.378558133333,True,-50.0000610351563,-33.7791213989258,585.886657714844,True,9.51895618438721,-34.8611373901367,588.455078125,True,95.0919647216797,118.444625854492,20.2305316925049,True,0.672268033027649,0.619256675243378,True,99.8299331665039,103.067779541016,14.6338310241699,True,0.680851340293884,0.671957790851593,True,3.68173217773438,True,3.81015014648438
1426,386.3802248,True,-49.9987945556641,-33.7738189697266,585.87548828125,True,9.5243091583252,-34.8573036193848,588.443969726563,True,95.1500930786133,116.988891601563,19.7006645202637,True,0.672373414039612,0.624246001243591,True,98.1521148681641,101.952842712402,14.2279663085938,True,0.677811861038208,0.675779104232788,True,3.68264770507813,True,3.79608154296875
1427,386.381891466667,True,-49.9961891174316,-33.7731399536133,585.876403808594,True,9.53021621704102,-34.8602600097656,588.43798828125,True,94.3595886230469,117.807739257813,19.9986991882324,True,0.670941233634949,0.621439516544342,True,98.1930313110352,104.682830810547,15.221661567688,True,0.677885949611664,0.666422486305237,True,3.6722412109375,True,3.81175231933594
1428,386.383558133333,True,-49.9950141906738,-33.768856048584,585.861389160156,True,9.53149795532227,-34.8565406799316,588.419738769531,True,95.5920562744141,117.737869262695,19.9733009338379,True,0.673174023628235,0.621678948402405,True,99.3713455200195,103.876922607422,14.9282541275024,True,0.680020570755005,0.669184744358063,True,3.67497253417969,True,3.80087280273438
1429,386.3852248,True,-49.9936332702637,-33.7666778564453,585.878234863281,True,9.53443717956543,-34.8518257141113,588.427978515625,True,95.1595916748047,118.617477416992,20.2934684753418,True,0.672390580177307,0.61866420507431,True,98.5891799926758,104.461715698242,15.1411476135254,True,0.67860358953476,0.667180418968201,True,3.68307495117188,True,3.80523681640625
1430,386.386891466667,True,-49.9944381713867,-33.7640647888184,585.898864746094,True,9.54045963287354,-34.8544235229492,588.450744628906,True,94.032470703125,119.101470947266,20.4695587158203,True,0.670348703861237,0.617005527019501,True,97.1224822998047,103.224853515625,14.6909580230713,True,0.675946593284607,0.671419501304626,True,3.67866516113281,True,3.79843139648438
1431,386.388558133333,True,-49.9911270141602,-33.7628059387207,585.886352539063,True,9.54177665710449,-34.8507690429688,588.41748046875,True,94.3927459716797,119.145988464355,20.4858016967773,True,0.671001434326172,0.616852879524231,True,98.0964050292969,104.494659423828,15.153112411499,True,0.677710890769958,0.667067527770996,True,3.67596435546875,True,3.80877685546875
1432,386.3902248,True,-49.9947624206543,-33.7617111206055,585.919555664063,True,9.54605102539063,-34.8516731262207,588.446044921875,True,94.3364639282227,118.658905029297,20.308521270752,True,0.670899391174316,0.6185222864151,True,99.6479339599609,105.209754943848,15.4133958816528,True,0.680521667003632,0.664616703987122,True,3.66897583007813,True,3.81129455566406
1433,386.391891466667,True,-49.9911308288574,-33.7570533752441,585.922241210938,True,9.55203723907471,-34.8479614257813,588.414428710938,True,94.1890411376953,118.315818786621,20.1836318969727,True,0.670632362365723,0.619698166847229,True,97.1006317138672,104.454162597656,15.1384210586548,True,0.675906956195831,0.667206227779388,True,3.67449951171875,True,3.79716491699219
1434,386.393558133333,True,-49.9899215698242,-33.7527923583984,585.920837402344,True,9.55224895477295,-34.8483047485352,588.398071289063,True,92.9360198974609,122.937484741211,21.8657474517822,True,0.668362438678741,0.603858411312103,True,97.3914794921875,102.68310546875,14.4938230514526,True,0.676433801651001,0.67327618598938,True,3.66246032714844,True,3.80632019042969
1435,386.3952248,True,-49.9882431030273,-33.7514953613281,585.932739257813,True,9.55802154541016,-34.8403282165527,588.405517578125,True,94.4044342041016,121.939643859863,21.5025863647461,True,0.671022534370422,0.607278227806091,True,97.1709747314453,104.485206604004,15.1496925354004,True,0.676034450531006,0.667099893093109,True,3.66506958007813,True,3.79238891601563
1436,386.396891466667,True,-49.9859313964844,-33.749626159668,585.954040527344,True,9.56918334960938,-34.8376159667969,588.455322265625,True,94.6891479492188,121.398696899414,21.3057460784912,True,0.671538293361664,0.609132170677185,True,96.2707672119141,105.220848083496,15.4174375534058,True,0.674403548240662,0.664578676223755,True,3.66386413574219,True,3.79580688476563
1437,386.398558133333,True,-49.9807891845703,-33.7479553222656,585.950866699219,True,9.5725793838501,-34.8382186889648,588.439819335938,True,93.8721313476563,120.745315551758,21.0679130554199,True,0.670058250427246,0.611371517181396,True,96.4698257446289,103.931297302246,14.9480829238892,True,0.674764156341553,0.668998301029205,True,3.66650390625,True,3.79374694824219
1438,386.4002248,True,-49.9766540527344,-33.7473564147949,585.939086914063,True,9.57770156860352,-34.8400115966797,588.439453125,True,93.1920166015625,120.269386291504,20.8946533203125,True,0.668826103210449,0.613002777099609,True,96.8611145019531,103.188682556152,14.6777667999268,True,0.675473093986511,0.671543478965759,True,3.67216491699219,True,3.81228637695313
1439,386.401891466667,True,-49.9767913818359,-33.7430419921875,585.948852539063,True,9.58325862884521,-34.8362808227539,588.453247070313,True,92.7463989257813,121.20915222168,21.2366905212402,True,0.668018817901611,0.609781920909882,True,96.8596649169922,105.155456542969,15.393651008606,True,0.675470411777496,0.664802730083466,True,3.66456604003906,True,3.80870056152344
1440,386.403558133333,True,-49.9707450866699,-33.7430877685547,585.940490722656,True,9.58868980407715,-34.8343658447266,588.462219238281,True,91.6784973144531,121.502151489258,21.3433609008789,True,0.666084229946136,0.608777642250061,True,95.4443969726563,103.562103271484,14.8137016296387,True,0.672906517982483,0.670263648033142,True,3.66352844238281,True,3.79386901855469
1441,386.4052248,True,-49.9680671691895,-33.7408294677734,585.938720703125,True,9.59057235717773,-34.8300704956055,588.46240234375,True,93.4457092285156,119.76294708252,20.7102928161621,True,0.669285714626312,0.614738464355469,True,96.0492248535156,104.569244384766,15.1802291870117,True,0.674002170562744,0.666811943054199,True,3.65069580078125,True,3.7999267578125
1442,386.406891466667,True,-49.9729919433594,-33.7384796142578,585.989685058594,True,9.59675121307373,-34.8325424194336,588.449340820313,True,94.3063354492188,121.913307189941,21.4930095672607,True,0.670844852924347,0.607368469238281,True,96.9493103027344,106.188629150391,15.7696933746338,True,0.675632834434509,0.661261796951294,True,3.66554260253906,True,3.80352783203125
1443,386.408558133333,True,-49.9704055786133,-33.7373657226563,586.01171875,True,9.59614944458008,-34.8267860412598,588.471557617188,True,93.365837097168,121.205047607422,21.2352294921875,True,0.669140934944153,0.609795928001404,True,96.1497650146484,105.859901428223,15.6500358581543,True,0.674184322357178,0.662388443946838,True,3.66596984863281,True,3.80282592773438
1444,386.4102248,True,-49.9684677124023,-33.736457824707,586.033325195313,True,9.60322570800781,-34.8304328918457,588.439147949219,True,93.3572998046875,121.731643676758,21.4268970489502,True,0.669125556945801,0.607991099357605,True,95.1545257568359,104.782562255859,15.2579393386841,True,0.672381401062012,0.66608077287674,True,3.66172790527344,True,3.79611206054688
1445,386.411891466667,True,-49.9650382995605,-33.7345199584961,586.03125,True,9.60903358459473,-34.8240928649902,588.44384765625,True,92.7237930297852,121.372734069824,21.296236038208,True,0.667977869510651,0.609221220016479,True,95.7248306274414,105.152313232422,15.3924694061279,True,0.673414587974548,0.664813578128815,True,3.666259765625,True,3.79862976074219
1446,386.413558133333,True,-49.9573440551758,-33.7285118103027,585.958740234375,True,9.61623001098633,-34.8254852294922,588.46142578125,True,93.1888580322266,122.117752075195,21.5674457550049,True,0.668820440769196,0.606667816638947,True,94.9508666992188,103.436233520508,14.7678833007813,True,0.672012448310852,0.670695006847382,True,3.66484069824219,True,3.79289245605469
1447,386.4152248,True,-49.9524688720703,-33.7279815673828,585.93994140625,True,9.62314796447754,-34.8315467834473,588.46484375,True,93.1172561645508,120.857833862305,21.1088485717773,True,0.668690621852875,0.610985934734344,True,95.3485870361328,106.03736114502,15.7146701812744,True,0.672732949256897,0.661780178546906,True,3.66098022460938,True,3.80755615234375
1448,386.416891466667,True,-49.9496765136719,-33.7231559753418,585.9345703125,True,9.62697410583496,-34.8253974914551,588.4697265625,True,91.4406967163086,120.576568603516,21.0064487457275,True,0.665653467178345,0.611949980258942,True,94.6393890380859,104.434677124023,15.1312961578369,True,0.671448111534119,0.667273044586182,True,3.66372680664063,True,3.79319763183594
1449,386.418558133333,True,-49.9479751586914,-33.7258911132813,585.952941894531,True,9.6305103302002,-34.8244400024414,588.445190429688,True,93.875602722168,122.578399658203,21.7350463867188,True,0.670064508914948,0.605089068412781,True,95.6426086425781,106.157211303711,15.7582702636719,True,0.673265635967255,0.661369383335114,True,3.67185974121094,True,3.79971313476563
1450,386.4202248,True,-49.9317245483398,-33.7244148254395,585.900207519531,True,9.63661956787109,-34.8253631591797,588.446899414063,True,91.8349456787109,122.826568603516,21.8254432678223,True,0.666367650032043,0.604238390922546,True,94.5720672607422,105.323699951172,15.4548969268799,True,0.671326220035553,0.664226055145264,True,3.66255187988281,True,3.795654296875
1451,386.421891466667,True,-49.9303436279297,-33.7243728637695,585.906555175781,True,9.64603805541992,-34.8290405273438,588.443176269531,True,91.9359512329102,121.26025390625,21.2552871704102,True,0.666550695896149,0.609606683254242,True,94.6196899414063,106.899436950684,16.0284042358398,True,0.671412467956543,0.658825635910034,True,3.66413879394531,True,3.81207275390625
1452,386.423558133333,True,-49.9380493164063,-33.7225723266602,585.979553222656,True,9.64911937713623,-34.8262214660645,588.465515136719,True,92.6701965332031,121.995628356934,21.5229148864746,True,0.667880833148956,0.607086420059204,True,94.6491851806641,105.513427734375,15.5239162445068,True,0.671465933322906,0.663575828075409,True,3.66189575195313,True,3.80335998535156
1453,386.4252248,True,-49.9297866821289,-33.7202072143555,585.943603515625,True,9.65560531616211,-34.829288482666,588.449951171875,True,93.4786529541016,122.671997070313,21.7691669464111,True,0.669345438480377,0.604768216609955,True,94.5532455444336,104.647926330566,15.2088928222656,True,0.671292185783386,0.666542232036591,True,3.66781616210938,True,3.80734252929688
1454,386.426891466667,True,-49.9282302856445,-33.7186584472656,585.940063476563,True,9.65872764587402,-34.8253135681152,588.439697265625,True,93.9801177978516,123.601379394531,22.1073951721191,True,0.670253872871399,0.601582944393158,True,94.4609832763672,106.458457946777,15.8679437637329,True,0.671124994754791,0.660336852073669,True,3.66342163085938,True,3.79544067382813
1455,386.428558133333,True,-49.919189453125,-33.7166366577148,585.913330078125,True,9.6642894744873,-34.8303909301758,588.419067382813,True,92.8012619018555,120.918838500977,21.1310501098633,True,0.668118238449097,0.610776841640472,True,95.0694580078125,105.709495544434,15.5952978134155,True,0.672227263450623,0.662903845310211,True,3.66047668457031,True,3.79641723632813
1456,386.4302248,True,-49.9181365966797,-33.7141799926758,585.928527832031,True,9.66960716247559,-34.8271255493164,588.416687011719,True,93.1358947753906,122.006683349609,21.5269718170166,True,0.668724417686462,0.607048511505127,True,95.2688598632813,105.886901855469,15.6598453521729,True,0.672588586807251,0.662295818328857,True,3.66064453125,True,3.7930908203125
1457,386.431891466667,True,-49.915885925293,-33.7123870849609,585.923828125,True,9.67662048339844,-34.8314208984375,588.444580078125,True,95.3188095092773,121.996635437012,21.5232963562012,True,0.672679007053375,0.607082962989807,True,96.4845886230469,107.29573059082,16.1726226806641,True,0.674790859222412,0.657467484474182,True,3.65066528320313,True,3.80278015136719
1458,386.433558133333,True,-49.9175415039063,-33.7151184082031,585.97802734375,True,9.68177604675293,-34.8278694152832,588.453674316406,True,95.5704345703125,122.875015258789,21.8430290222168,True,0.673134863376617,0.604072451591492,True,94.6197814941406,106.082824707031,15.7311840057373,True,0.671412646770477,0.661624431610107,True,3.66365051269531,True,3.80021667480469
1459,386.4352248,True,-49.9072189331055,-33.7109107971191,585.939025878906,True,9.69497871398926,-34.8237762451172,588.474426269531,True,94.4979629516602,122.569816589355,21.7319316864014,True,0.671191990375519,0.605118453502655,True,93.2541427612305,106.527778625488,15.8931198120117,True,0.66893869638443,0.660099387168884,True,3.66670227050781,True,3.79606628417969
1460,386.436891466667,True,-49.9080123901367,-33.7126922607422,585.958251953125,True,9.70139598846436,-34.8294715881348,588.497253417969,True,94.0904235839844,122.133697509766,21.5732021331787,True,0.670453667640686,0.606613159179688,True,94.1554870605469,105.944442749023,15.6808080673218,True,0.670571565628052,0.66209864616394,True,3.66316223144531,True,3.79893493652344
1461,386.438558133333,True,-49.8950653076172,-33.7163276672363,585.93505859375,True,9.70604705810547,-34.8305931091309,588.487487792969,True,93.3912734985352,122.098419189453,21.5603847503662,True,0.669187128543854,0.606734037399292,True,95.2927093505859,106.582328796387,15.9129505157471,True,0.672631680965424,0.659912467002869,True,3.65644836425781,True,3.80152893066406
1462,386.4402248,True,-49.900276184082,-33.7110862731934,586.000610351563,True,9.71260929107666,-34.8268661499023,588.515991210938,True,93.8863906860352,122.330673217773,21.644889831543,True,0.670083999633789,0.605938076972961,True,93.4005279541016,106.301895141602,15.8109283447266,True,0.669203877449036,0.660873532295227,True,3.65934753417969,True,3.7957763671875
1463,386.441891466667,True,-49.8991928100586,-33.7091636657715,586.002746582031,True,9.71594047546387,-34.8289108276367,588.517333984375,True,95.8567962646484,121.843627929688,21.4676246643066,True,0.673653602600098,0.607607305049896,True,94.9131317138672,104.421051025391,15.1263217926025,True,0.671944141387939,0.667319774627686,True,3.65361022949219,True,3.79420471191406
1464,386.443558133333,True,-49.8941383361816,-33.7082901000977,586.0029296875,True,9.72418022155762,-34.8293952941895,588.533142089844,True,95.2381896972656,122.579681396484,21.7355346679688,True,0.672532916069031,0.605084598064423,True,94.3745727539063,106.534225463867,15.8954887390137,True,0.670968413352966,0.660077214241028,True,3.66426086425781,True,3.80201721191406
1465,386.4452248,True,-49.8856811523438,-33.7079849243164,585.972961425781,True,9.73042869567871,-34.8317527770996,588.543273925781,True,96.2354965209961,123.043731689453,21.9044418334961,True,0.674339652061462,0.603494167327881,True,95.8114013671875,106.348686218262,15.827953338623,True,0.673571348190308,0.660713195800781,True,3.65519714355469,True,3.81327819824219
1466,386.446891466667,True,-49.8749160766602,-33.7099685668945,585.946044921875,True,9.73467540740967,-34.8341941833496,588.55810546875,True,92.9128265380859,123.722885131836,22.1515731811523,True,0.66832035779953,0.601166665554047,True,93.1988220214844,107.28662109375,16.1693420410156,True,0.668838441371918,0.657498598098755,True,3.66159057617188,True,3.79899597167969
1467,386.448558133333,True,-49.8753089904785,-33.7101020812988,585.996520996094,True,9.73873519897461,-34.8336448669434,588.557800292969,True,93.7898712158203,123.84545135498,22.1962642669678,True,0.669909179210663,0.60074645280838,True,94.5421600341797,106.490051269531,15.8793802261353,True,0.671272039413452,0.660228729248047,True,3.65994262695313,True,3.80172729492188
1468,386.4502248,True,-49.8721504211426,-33.7069854736328,585.989074707031,True,9.7491283416748,-34.8315277099609,588.5400390625,True,95.0636520385742,122.722259521484,21.787410736084,True,0.672216713428497,0.604596018791199,True,94.7574768066406,108.348434448242,16.5557651519775,True,0.671662092208862,0.653859496116638,True,3.65467834472656,True,3.80711364746094
1469,386.451891466667,True,-49.861686706543,-33.7085647583008,585.942932128906,True,9.75209331512451,-34.8314819335938,588.532470703125,True,94.0006713867188,123.011528015137,21.8926734924316,True,0.670291066169739,0.60360461473465,True,94.3739166259766,106.560607910156,15.9050712585449,True,0.670967221260071,0.659986853599548,True,3.6612548828125,True,3.79502868652344
1470,386.453558133333,True,-49.8608016967773,-33.7059135437012,585.970947265625,True,9.75813007354736,-34.8338508605957,588.535400390625,True,94.8011322021484,123.18669128418,21.9565124511719,True,0.671741187572479,0.603004217147827,True,96.2761840820313,107.88663482666,16.3877277374268,True,0.67441338300705,0.655442118644714,True,3.65370178222656,True,3.80207824707031
1471,386.4552248,True,-49.8601989746094,-33.7057418823242,586.01806640625,True,9.7661304473877,-34.837890625,588.524597167969,True,96.2299957275391,123.374458312988,22.024845123291,True,0.674329698085785,0.602360665798187,True,93.0905380249023,106.236907958984,15.787260055542,True,0.668642282485962,0.661096215248108,True,3.65815734863281,True,3.79823303222656
1472,386.456891466667,True,-49.8534393310547,-33.7074661254883,586.004760742188,True,9.77133369445801,-34.8361053466797,588.5087890625,True,95.3573608398438,122.272346496582,21.6236877441406,True,0.672748863697052,0.606137931346893,True,93.7669067382813,106.626556396484,15.929048538208,True,0.66986757516861,0.659760892391205,True,3.66072082519531,True,3.79678344726563
1473,386.458558133333,True,-49.84765625,-33.7058219909668,586.006896972656,True,9.77598762512207,-34.8386001586914,588.536560058594,True,96.2778625488281,123.927337646484,22.2260589599609,True,0.674416422843933,0.600465774536133,True,94.8764724731445,106.857711791992,16.0132427215576,True,0.671877682209015,0.658968567848206,True,3.66110229492188,True,3.80319213867188
1474,386.4602248,True,-49.8446426391602,-33.7045135498047,586.015197753906,True,9.78263473510742,-34.8423118591309,588.5234375,True,95.8209381103516,124.911071777344,22.5840797424316,True,0.673588752746582,0.597094237804413,True,93.5498657226563,106.750350952148,15.9741401672363,True,0.669474363327026,0.659336566925049,True,3.65873718261719,True,3.79452514648438
1475,386.461891466667,True,-49.8377914428711,-33.7049713134766,585.991333007813,True,9.78849411010742,-34.843017578125,588.52490234375,True,96.5020370483398,123.837913513184,22.1935157775879,True,0.674822568893433,0.600772261619568,True,94.5452575683594,108.01953125,16.4360656738281,True,0.671277642250061,0.654986619949341,True,3.66658020019531,True,3.80729675292969
1476,386.463558133333,True,-49.8354415893555,-33.703498840332,586.027954101563,True,9.7915153503418,-34.841136932373,588.530639648438,True,94.4280853271484,123.544258117676,22.0866203308105,True,0.671065390110016,0.601778745651245,True,94.5526657104492,106.128616333008,15.7478265762329,True,0.671291053295135,0.661467432975769,True,3.66140747070313,True,3.79463195800781
1477,386.4652248,True,-49.828125,-33.705493927002,586.008911132813,True,9.79678058624268,-34.8408660888672,588.531799316406,True,94.7320861816406,123.888885498047,22.2120342254639,True,0.671616077423096,0.600597620010376,True,93.8672637939453,107.776657104492,16.347677230835,True,0.670049428939819,0.655819058418274,True,3.6563720703125,True,3.80543518066406
1478,386.466891466667,True,-49.8255081176758,-33.7005462646484,585.947509765625,True,9.8045711517334,-34.8447685241699,588.5390625,True,96.2077865600586,123.28303527832,21.9915542602539,True,0.674289524555206,0.602674007415771,True,93.6651916503906,107.227401733398,16.1477661132813,True,0.669683337211609,0.65770161151886,True,3.64982604980469,True,3.80473327636719
1479,386.468558133333,True,-49.7973136901855,-33.6991004943848,585.805725097656,True,9.80731964111328,-34.8439331054688,588.530883789063,True,95.4384155273438,124.694412231445,22.5052223205566,True,0.672895669937134,0.597836792469025,True,95.443717956543,108.33390045166,16.55051612854,True,0.672905325889587,0.653909206390381,True,3.65605163574219,True,3.80535888671875
1480,386.4702248,True,-49.8112258911133,-33.7016525268555,585.898742675781,True,9.81338500976563,-34.8427886962891,588.542602539063,True,96.3901824951172,123.933746337891,22.2283744812012,True,0.674619913101196,0.600443840026855,True,94.4127349853516,107.821441650391,16.3639984130859,True,0.671037554740906,0.655665576457977,True,3.6585693359375,True,3.800537109375
1481,386.471891466667,True,-49.7998886108398,-33.7011108398438,585.848754882813,True,9.82031059265137,-34.8399505615234,588.544799804688,True,94.1349563598633,122.613159179688,21.7477970123291,True,0.670534372329712,0.60496985912323,True,93.6274719238281,107.957962036133,16.4136810302734,True,0.669614970684052,0.655197739601135,True,3.66783142089844,True,3.79914855957031
1482,386.473558133333,True,-49.7953147888184,-33.7006225585938,585.827026367188,True,9.82455348968506,-34.8457679748535,588.534057617188,True,96.607048034668,123.135772705078,21.9379234313965,True,0.675012767314911,0.603178739547729,True,96.17626953125,108.369018554688,16.5633010864258,True,0.674232363700867,0.653788924217224,True,3.65609741210938,True,3.80638122558594
1483,386.4752248,True,-49.7734642028809,-33.690544128418,585.652893066406,True,9.82966232299805,-34.8457527160645,588.564453125,True,94.7363739013672,123.183990478516,21.9555263519287,True,0.671623826026917,0.603013455867767,True,95.7001495361328,106.968017578125,16.0533752441406,True,0.673369884490967,0.65859055519104,True,3.65476989746094,True,3.801513671875
1484,386.476891466667,True,-49.7736434936523,-33.6934585571289,585.771118164063,True,9.8376350402832,-34.8487586975098,588.556518554688,True,94.1988067626953,124.029754638672,22.263298034668,True,0.670650005340576,0.600114822387695,True,95.2792129516602,108.193626403809,16.4994850158691,True,0.67260730266571,0.654389977455139,True,3.65437316894531,True,3.80906677246094
1485,386.478558133333,True,-49.7676544189453,-33.6905364990234,585.752502441406,True,9.83794975280762,-34.843090057373,588.537841796875,True,93.4805603027344,123.27978515625,21.990348815918,True,0.669348835945129,0.602685213088989,True,94.5930633544922,106.606834411621,15.9219160079956,True,0.671364307403564,0.659828424453735,True,3.65245056152344,True,3.80038452148438
1486,386.4802248,True,-49.7646789550781,-33.6940765380859,585.762084960938,True,9.84446811676025,-34.8484497070313,588.570434570313,True,95.3968811035156,122.902130126953,21.8528823852539,True,0.672820389270782,0.603979468345642,True,95.2725830078125,107.135101318359,16.1141662597656,True,0.672595262527466,0.658017992973328,True,3.65185546875,True,3.79896545410156
1487,386.481891466667,True,-49.7620658874512,-33.6942481994629,585.766357421875,True,9.84916305541992,-34.8467102050781,588.563354492188,True,95.7579956054688,123.332321166992,22.0094432830811,True,0.673474669456482,0.602505147457123,True,94.1444091796875,106.503067016602,15.8841438293457,True,0.670551478862762,0.660184025764465,True,3.65797424316406,True,3.79240417480469
1488,386.483558133333,True,-49.757007598877,-33.6919250488281,585.752197265625,True,9.85408401489258,-34.8492012023926,588.571105957031,True,95.9536743164063,124.763275146484,22.530330657959,True,0.673829138278961,0.597600758075714,True,95.6482696533203,108.235412597656,16.5146255493164,True,0.673275887966156,0.654246807098389,True,3.65011596679688,True,3.80488586425781
1489,386.4852248,True,-49.7541427612305,-33.6923866271973,585.766540527344,True,9.85796546936035,-34.852668762207,588.5732421875,True,95.6771850585938,123.25813293457,21.9824523925781,True,0.673328280448914,0.602759420871735,True,96.0941543579102,108.278610229492,16.5303859710693,True,0.674083590507507,0.654098749160767,True,3.65068054199219,True,3.80464172363281
1490,386.486891466667,True,-49.7506828308105,-33.6940040588379,585.767456054688,True,9.85951232910156,-34.8505401611328,588.560241699219,True,95.5548248291016,123.877975463867,22.2080535888672,True,0.673106670379639,0.60063499212265,True,95.3309707641602,108.933120727539,16.7686100006104,True,0.672701001167297,0.65185546875,True,3.65403747558594,True,3.80474853515625
1491,386.488558133333,True,-49.7468910217285,-33.692569732666,585.738342285156,True,9.86213111877441,-34.8560371398926,588.567993164063,True,95.24560546875,123.789947509766,22.1760368347168,True,0.67254638671875,0.600936651229858,True,96.1919403076172,107.348663330078,16.1918964385986,True,0.67426073551178,0.657285988330841,True,3.64178466796875,True,3.79832458496094
1492,386.4902248,True,-49.7476577758789,-33.6901435852051,585.788940429688,True,9.86816215515137,-34.8569183349609,588.546813964844,True,95.0955047607422,124.390609741211,22.3946952819824,True,0.672274470329285,0.598878026008606,True,95.8013229370117,107.954475402832,16.4124069213867,True,0.673553109169006,0.655209600925446,True,3.64994812011719,True,3.80073547363281
1493,386.491891466667,True,-49.7378463745117,-33.6895599365234,585.723510742188,True,9.86841773986816,-34.8503913879395,588.584350585938,True,95.5299224853516,124.445327758789,22.414623260498,True,0.673061430454254,0.598690450191498,True,94.8674087524414,107.103302001953,16.1025676727295,True,0.671861290931702,0.658126950263977,True,3.64506530761719,True,3.78999328613281
