﻿Segment Info
Segment Name,13
Recording Name,记录001
Subject Name,被试001
Start Time(s),26.5718759
End Time(s),28.4227736

Eye State Statistic
Id,Eye State Type,Count(N),Total duration(s),Min duration(s),Max duration(s),Mean duration(s)
1,Fixation,5,1.745,0.091,0.688,0.349
2,Saccades,4,0.106,0.018,0.036,0.0265

Eye State Data
Id,Eye State Type,Start Time(s),End Time(s),Duration(s)
1,Fixation,26.571,26.662,0.091
2,Saccades,26.662,26.698,0.036
3,Fixation,26.698,26.832,0.134
4,Saccades,26.832,26.86,0.028
5,Fixation,26.86,27.188,0.328
6,Saccades,27.188,27.212,0.024
7,Fixation,27.212,27.9,0.688
8,Saccades,27.9,27.918,0.018
9,Fixation,27.918,28.422,0.504
