﻿Segment Info
Segment Name,144
Recording Name,记录002
Subject Name,被试001
Start Time(s),295.1978629
End Time(s),296.9220397

Eye State Statistic
Id,Eye State Type,Count(N),Total duration(s),Min duration(s),Max duration(s),Mean duration(s)
1,Fixation,5,1.539,0.126,0.415,0.3078
2,Saccades,4,0.186,0.033,0.06,0.0465

Eye State Data
Id,Eye State Type,Start Time(s),End Time(s),Duration(s)
1,Fixation,295.197,295.323,0.126
2,Saccades,295.323,295.383,0.06
3,Fixation,295.383,295.667,0.284
4,Saccades,295.667,295.7,0.033
5,Fixation,295.7,296.115,0.415
6,Saccades,296.115,296.162,0.047
7,Fixation,296.162,296.522,0.36
8,Saccades,296.522,296.568,0.046
9,Fixation,296.568,296.922,0.354
