﻿Segment Info
Segment Name,273
Recording Name,记录002
Subject Name,被试002
Start Time(s),686.3770763
End Time(s),688.8664112

Eye State Statistic
Id,Eye State Type,Count(N),Total duration(s),Min duration(s),Max duration(s),Mean duration(s)
1,Fixation,5,2.318,0.046,0.892,0.4636
2,Saccades,4,0.171,0.02,0.058,0.04275

Eye State Data
Id,Eye State Type,Start Time(s),End Time(s),Duration(s)
1,Fixation,686.377,686.797,0.42
2,Saccades,686.797,686.855,0.058
3,Fixation,686.855,687.215,0.36
4,Saccades,687.215,687.26,0.045
5,Fixation,687.26,688.152,0.892
6,Saccades,688.152,688.172,0.02
7,Fixation,688.172,688.772,0.6
8,Saccades,688.772,688.82,0.048
9,Fixation,688.82,688.866,0.046
