﻿Segment Info
Segment Name,152
Recording Name,记录002
Subject Name,被试002
Start Time(s),382.104588
End Time(s),384.5946354

Eye State Statistic
Id,Eye State Type,Count(N),Total duration(s),Min duration(s),Max duration(s),Mean duration(s)
1,Fixation,5,2.328,0.059,1.769,0.4656
2,Saccades,4,0.162,0.031,0.052,0.0405

Eye State Data
Id,Eye State Type,Start Time(s),End Time(s),Duration(s)
1,Fixation,382.104,382.407,0.303
2,Saccades,382.407,382.45,0.043
3,Fixation,382.45,382.58,0.13
4,Saccades,382.58,382.632,0.052
5,Fixation,382.632,382.699,0.067
6,Saccades,382.699,382.735,0.036
7,Fixation,382.735,384.504,1.769
8,Saccades,384.504,384.535,0.031
9,Fixation,384.535,384.594,0.059
