﻿Segment Info
Segment Name,350
Recording Name,记录001
Subject Name,被试001
Start Time(s),652.9162693
End Time(s),654.3115067

Eye State Statistic
Id,Eye State Type,Count(N),Total duration(s),Min duration(s),Max duration(s),Mean duration(s)
1,Fixation,5,1.232,0.13,0.349,0.2464
2,Saccades,4,0.163,0.029,0.067,0.04075

Eye State Data
Id,Eye State Type,Start Time(s),End Time(s),Duration(s)
1,Fixation,652.916,653.265,0.349
2,Saccades,653.265,653.332,0.067
3,Fixation,653.332,653.588,0.256
4,Saccades,653.588,653.625,0.037
5,Fixation,653.625,653.755,0.13
6,Saccades,653.755,653.785,0.03
7,Fixation,653.785,653.933,0.148
8,Saccades,653.933,653.962,0.029
9,Fixation,653.962,654.311,0.349
