﻿Segment Info
Segment Name,162
Recording Name,记录002
Subject Name,被试002
Start Time(s),407.2388152
End Time(s),409.7366723

Eye State Statistic
Id,Eye State Type,Count(N),Total duration(s),Min duration(s),Max duration(s),Mean duration(s)
1,Fixation,5,2.312,0.326,0.811,0.4624
2,Saccades,4,0.186,0.043,0.054,0.0465

Eye State Data
Id,Eye State Type,Start Time(s),End Time(s),Duration(s)
1,Fixation,407.238,407.564,0.326
2,Saccades,407.564,407.607,0.043
3,Fixation,407.607,408.007,0.4
4,Saccades,408.007,408.052,0.045
5,Fixation,408.052,408.485,0.433
6,Saccades,408.485,408.529,0.044
7,Fixation,408.529,409.34,0.811
8,Saccades,409.34,409.394,0.054
9,Fixation,409.394,409.736,0.342
