﻿Segment Info
Segment Name,24
Recording Name,记录002
Subject Name,被试002
Start Time(s),60.2660063
End Time(s),62.7683236

Eye State Statistic
Id,Eye State Type,Count(N),Total duration(s),Min duration(s),Max duration(s),Mean duration(s)
1,Fixation,5,2.301,0.096,0.909,0.4602
2,Saccades,4,0.201,0.035,0.073,0.05025

Eye State Data
Id,Eye State Type,Start Time(s),End Time(s),Duration(s)
1,Fixation,60.266,60.567,0.301
2,Saccades,60.567,60.625,0.058
3,Fixation,60.625,61.437,0.812
4,Saccades,61.437,61.472,0.035
5,Fixation,61.472,61.655,0.183
6,Saccades,61.655,61.728,0.073
7,Fixation,61.728,62.637,0.909
8,Saccades,62.637,62.672,0.035
9,Fixation,62.672,62.768,0.096
