﻿Segment Info
Segment Name,189
Recording Name,记录001
Subject Name,被试001
Start Time(s),372.4937584
End Time(s),374.0775644

Eye State Statistic
Id,Eye State Type,Count(N),Total duration(s),Min duration(s),Max duration(s),Mean duration(s)
1,Fixation,5,1.428,0.145,0.444,0.2856
2,Saccades,4,0.156,0.025,0.048,0.039

Eye State Data
Id,Eye State Type,Start Time(s),End Time(s),Duration(s)
1,Fixation,372.493,372.937,0.444
2,Saccades,372.937,372.985,0.048
3,Fixation,372.985,373.227,0.242
4,Saccades,373.227,373.252,0.025
5,Fixation,373.252,373.397,0.145
6,Saccades,373.397,373.445,0.048
7,Fixation,373.445,373.633,0.188
8,Saccades,373.633,373.668,0.035
9,Fixation,373.668,374.077,0.409
